0.020018
0.021915
0.017999
0.018093
0.017879
0.017572
0.017533
0.017536
0.017959
0.017787
0.018413
0.018026
0.019703
0.011788
0.014432
0.014668
0.018098
0.013995
0.010849
0.013867
0.016188
0.021150
0.015734
0.016447
0.016988
0.016605
0.016488
0.016707
0.016525
0.016956
0.016758
0.017494
0.020084
0.019246
0.015996
0.018137
0.014381
0.019221
0.018314
0.015238
0.018844
0.024296
0.016649
0.018445
0.019293
0.019380
0.018715
0.018183
0.018420
0.018867
0.020120
0.020992
0.018951
0.016216
0.011338
0.004912
0.006094
0.011001
0.011299
0.006056
0.017758
0.022359
0.019462
0.018481
0.016298
0.017609
0.018285
0.020310
0.020685
0.020814
0.020471
0.020177
0.016242
0.016675
0.011666
0.017246
0.011489
0.017920
0.016613
0.009846
0.019705
0.026041
0.020123
0.020966
0.017718
0.016236
0.021039
0.020288
0.020453
0.022073
0.023016
0.019805
0.018305
0.019202
0.021765
0.027060
0.023254
0.032848
0.016329
0.012514
0.019872
0.023502
0.017813
0.017010
0.017322
0.015763
0.012207
0.013775
0.014558
0.016602
0.019195
0.016992
0.019607
0.017250
0.014959
0.018160
0.021273
0.021972
0.012014
0.013444
0.012631
0.015606
0.012873
0.012861
0.010722
0.015366
0.017454
0.018441
0.020399
0.023968
0.020192
0.017113
0.015530
0.015383
0.010288
0.010953
0.016053
0.021681
0.017029
0.019018
0.016009
0.021939
0.020576
0.015469
0.008695
0.018148
0.015287
0.020273
0.009599
0.008208
0.012475
0.007297
0.008455
0.011360
0.013166
0.014077
0.019788
0.028160
0.020738
0.023150
0.020992
0.022293
0.018933
0.021536
0.010044
0.009321
0.023194
0.247286
0.270878
0.131383
0.025816
0.031235
0.026717
0.026280
0.025708
0.015652
0.020599
0.026448
0.021537
0.023508
0.018619
0.017688
0.009698
0.014944
0.017119
0.018742
0.039501
0.773869
0.810353
0.409765
0.002452
0.010755
0.021837
0.023466
0.021973
0.013816
0.013174
0.020684
0.022104
0.023818
0.020906
0.024019
0.013768
0.021430
0.018041
0.020071
0.077989
0.882372
0.939190
0.746404
0.014784
0.014047
0.018457
0.020323
0.013039
0.012012
0.015014
0.015794
0.021104
0.026111
0.021957
0.023077
0.012672
0.017087
0.016803
0.016118
0.031132
0.068681
0.078303
0.109197
0.028019
0.024812
0.020565
0.015306
0.015275
0.012865
0.011804
0.014692
0.020309
0.026164
0.014426
0.018414
0.013125
0.006042
0.023223
0.037296
0.036664
0.082720
0.032099
0.045540
0.045384
0.023216
0.019085
0.026496
0.018354
0.009999
0.011488
0.011694
0.019311
0.021960
0.015731
0.018430
0.011385
0.005494
0.018620
0.035781
0.019552
0.022725
0.021723
0.038295
0.028971
0.017892
0.020628
0.031240
0.012748
0.006987
0.014628
0.012728
0.017945
0.021231
0.015779
0.019640
0.013175
0.009545
0.021326
0.021058
0.008979
0.006891
0.010270
0.011015
0.011591
0.009255
0.007563
0.009772
0.010023
0.011554
0.012508
0.013725
0.014543
0.020025
0.018240
0.020756
0.020786
0.014294
0.008304
0.003163
0.004582
0.008101
0.007217
0.007192
0.008309
0.004670
0.010067
0.010048
0.004922
0.006497
0.013693
0.011528
0.012688
0.017388
0.015267
0.018060
0.019417
0.012149
0.013305
0.008835
0.012475
0.011388
0.010291
0.010831
0.006753
0.006333
0.009589
0.015513
0.027486
0.012902
0.015418
0.014310
0.013328
0.016741
0.003691
0.005123
0.008140
0.011036
0.012992
0.006850
0.015511
0.015416
0.010535
0.014767
0.012549
0.011226
0.017854
0.028167
0.055875
0.007157
0.015129
0.014386
0.011670
0.010981
0.009711
0.014143
0.023486
0.041708
0.027468
0.013938
0.022161
0.025496
0.019225
0.021423
0.024068
0.022589
0.023024
0.033567
0.025835
0.013927
0.012014
0.014400
0.022952
0.017917
0.011623
0.016413
0.024800
0.026919
0.024508
0.014237
0.017245
0.019170
0.015259
0.020077
0.019863
0.017016
0.017766
0.009395
0.009476
0.016121
0.019938
0.021178
0.017401
0.021049
0.357191
0.520490
0.794862
0.823543
0.832799
0.830655
0.794813
0.796856
0.798264
0.783415
0.797863
0.800785
0.944553
1.253578
1.745756
2.346523
2.424595
2.422165
1.538278
0.523027
0.678497
0.944645
1.179366
1.196178
1.186980
1.158445
1.122548
1.115491
1.098589
1.095541
1.065644
1.109759
1.374897
1.721709
2.587942
3.259667
3.833366
3.960212
3.066658
1.338993
0.495054
0.814584
1.184080
1.181482
1.178993
1.103411
1.073559
1.046763
1.027357
0.994762
0.940225
0.942071
1.127323
1.295941
2.181098
2.961706
3.821530
4.249403
3.732731
2.188541
0.387585
0.630820
0.925470
0.908677
0.822495
0.773928
0.741309
0.727788
0.758887
0.709873
0.687453
0.652320
0.709754
0.881384
1.339750
1.979266
2.525140
3.233428
3.070930
1.861769
0.273510
0.496163
0.716587
0.626571
0.526397
0.472591
0.446079
0.416303
0.423995
0.472557
0.434453
0.382124
0.312205
0.391915
0.662943
0.997051
1.459900
1.676628
1.700826
1.324896
0.198358
0.293605
0.392572
0.270054
0.206317
0.082005
0.099961
0.107264
0.162412
0.271548
0.204398
0.101973
-0.017606
0.095356
0.345401
0.633562
0.946127
1.149319
1.032432
0.701036
0.116763
0.228355
0.117682
-0.157884
-0.191404
-0.060116
0.050549
0.134014
0.264796
0.312891
0.207065
-0.018144
-0.312977
0.038379
0.099367
0.136106
0.377429
0.536359
0.569822
0.458013
0.118912
0.213615
0.049772
-0.239035
-0.386574
-0.181848
-0.016491
0.332523
0.196866
0.033953
0.168844
-0.148580
-0.500808
-0.069960
0.048126
-0.020727
0.059325
0.196796
0.277495
0.233356
0.112720
0.204318
0.115879
-0.215515
-0.450193
0.083460
0.753302
0.968474
-0.046333
-0.807456
-0.156217
-0.230432
-0.694726
-0.152541
-0.014655
-0.070998
0.007828
0.041324
0.114214
0.121386
0.094981
0.160821
0.225004
-0.122871
-0.346429
0.236194
1.053566
1.215344
-0.014722
-1.135384
-0.239177
-0.171228
-0.594916
-0.258491
-0.189192
-0.227422
0.020318
0.040283
0.026017
0.064990
0.096198
0.157503
0.144414
-0.041369
-0.166186
0.556952
1.256728
1.318802
-0.000650
-1.209895
-0.397364
-0.046023
-0.251763
-0.223761
-0.387398
-0.427146
-0.016520
0.048402
0.031894
0.028432
0.166439
0.167325
0.136534
0.219814
0.170925
0.521617
0.975532
0.998045
-0.068520
-1.020756
-0.511238
0.003973
0.039064
-0.065285
-0.451276
-0.625549
-0.055872
0.052050
-0.000104
-0.016539
0.168453
0.168220
0.190074
0.780290
0.456234
0.069850
0.028919
0.210322
-0.157509
-0.544756
-0.358740
-0.022854
0.294656
0.054706
-0.473764
-0.809490
-0.097058
0.045251
0.016121
-0.041561
0.101361
0.170336
0.057511
0.967977
0.524136
-0.091849
-0.388296
-0.262692
-0.087126
-0.200786
-0.197991
-0.045362
0.330382
0.049983
-0.531376
-0.863160
-0.148446
0.045150
0.006753
-0.016942
0.052609
0.144578
0.167075
0.999900
0.533664
-0.118370
-0.734142
-0.585443
-0.035456
-0.081413
-0.116150
-0.027021
0.246724
0.052876
-0.505605
-0.886524
-0.202662
0.006305
-0.005332
0.001302
0.057332
0.122961
0.158318
0.772039
0.463561
-0.002476
-0.579521
-0.512200
-0.041429
0.056989
0.092742
0.292958
0.295925
0.014135
-0.536757
-0.859059
-0.178511
-0.037349
-0.055838
-0.012870
-0.000079
0.097957
0.174168
0.365227
0.083478
-0.180613
-0.619686
-0.550198
-0.219399
-0.212300
-0.022898
0.328143
0.261806
-0.080455
-0.641749
-0.940636
-0.096368
-0.073629
-0.177439
-0.135154
0.320148
0.376490
0.261551
0.065035
-0.305212
-0.546408
-0.549111
-0.457794
-0.316397
-0.244514
0.125110
0.329952
0.150948
-0.184497
-0.653937
-0.812508
0.092184
-0.063855
-0.395733
-0.582792
0.283331
0.336915
0.317673
0.021562
-0.287657
-0.359955
-0.240276
-0.113027
-0.027438
0.110983
0.296481
0.401389
0.240013
-0.142029
-0.510337
-0.559346
0.098192
-0.066966
-0.409312
-0.630059
0.319163
0.330670
0.198240
-0.123504
-0.352825
-0.586391
-0.241144
-0.104208
-0.015605
0.023872
0.195075
0.222340
0.054392
-0.112376
-0.351191
-0.371220
0.060034
-0.120510
-0.363774
-0.680322
-0.868689
-0.963116
-1.124685
-1.139110
-1.111616
-1.098376
-1.035849
-1.042459
-0.989278
-1.043812
-1.053970
-1.148128
-1.484618
-1.622183
-2.054409
-2.142946
-2.023065
-1.705244
-0.239933
-0.083625
-0.736105
-0.916892
-1.058722
-1.063866
-1.091087
-1.088084
-1.032214
-0.994471
-0.965519
-0.967394
-0.978827
-1.063368
-1.136553
-1.298428
-1.439787
-1.638694
-1.519157
-0.889929
-0.248356
0.373591
-0.441565
-0.330003
-0.416101
-0.332557
-0.342008
-0.350939
-0.308139
-0.306880
-0.302078
-0.299937
-0.345959
-0.341844
-0.463335
-0.650228
-0.973612
-1.288999
-1.498150
-1.023441
-0.480742
0.320376
-0.375070
-0.311934
-0.252342
-0.208979
-0.203603
-0.175612
-0.150565
-0.117235
-0.050946
-0.065697
-0.097617
-0.161183
-0.381898
-0.520243
-0.653673
-1.058713
-1.011677
-1.018014
-0.575297
-0.036444
-0.199715
-0.176024
-0.117141
-0.077737
-0.055528
0.011032
0.057646
0.068693
0.096136
0.091746
0.031264
0.021032
-0.197085
-0.205610
-0.443577
-0.533963
-0.640932
-0.494028
-0.009440
0.108862
-0.111904
0.071285
0.154783
0.179369
0.242710
0.229969
0.143489
0.140187
0.193264
0.272935
0.328281
0.347153
0.243220
0.119591
-0.148720
-0.280786
-0.383894
-0.379465
-0.117083
0.045357
0.036052
0.313292
0.484893
0.577246
0.409166
0.119064
0.119123
0.319047
0.510994
0.635388
0.758327
0.734502
0.727102
0.527963
0.242428
-0.026206
-0.112677
-0.184754
-0.016381
0.039917
0.037027
0.193978
0.403572
0.481827
0.317384
0.313753
0.494870
0.794231
0.964483
0.933693
0.772238
0.691561
0.657151
0.646334
0.475651
0.271520
0.001945
-0.076419
-0.059223
0.073697
-0.097286
-0.059216
0.098706
0.172168
0.181253
0.581688
1.187174
1.744175
1.875339
1.462408
0.732594
0.205064
0.079357
0.153028
0.146747
0.098390
-0.084819
-0.168480
-0.074325
0.074012
-0.247390
-0.208405
-0.051133
0.068460
0.161999
0.418672
0.545502
0.659674
0.575320
0.586736
0.227367
-0.288841
-0.379056
-0.237894
-0.097799
0.008007
-0.087143
-0.135129
-0.057969
0.074545
-0.152471
0.039523
0.223556
0.144029
0.051988
0.178921
-0.255965
-0.434535
-0.520415
-0.580766
-0.403048
-0.346787
-0.202240
-0.167607
-0.087323
-0.020895
-0.006099
-0.035759
-0.078039
0.032479
-0.201284
-0.008071
0.099497
0.055332
0.058782
0.068459
-0.437624
-1.020468
-1.350273
-1.223797
-0.772455
-0.325846
-0.048425
0.098346
0.155229
0.150614
0.086347
0.059716
-0.046705
0.060467
-0.220941
0.044199
0.287448
0.398854
0.253642
0.155707
-0.154888
-0.808141
-1.097285
-1.035596
-0.793100
-0.456107
-0.166762
-0.015251
0.070543
0.078256
0.041060
0.089318
-0.007855
0.052873
-0.166895
0.068242
0.058074
-0.047042
-0.157327
-0.218615
-0.273111
-0.600054
-0.702048
-0.619048
-0.499730
-0.426413
-0.373965
-0.329288
-0.256078
-0.177700
-0.047936
0.035890
-0.002723
0.046261
-0.169756
-0.101470
-0.155921
-0.361279
-0.391580
-0.362710
-0.390961
-0.391288
-0.330056
-0.361861
-0.274663
-0.086376
0.026346
0.129291
0.156349
0.138394
0.213155
0.142651
-0.061229
-0.071035
-0.207244
-0.110894
-0.013632
0.074226
-0.006582
0.032960
-0.040301
-0.008213
0.015736
0.018849
0.201236
0.576848
0.972725
1.232349
1.213681
0.839834
0.642626
0.429525
0.094686
-0.068421
0.085767
0.287847
0.623880
0.674309
0.691397
0.307786
0.172824
0.161504
0.291016
0.441444
0.547649
0.573224
0.691700
0.787601
0.827442
0.703347
0.520491
0.459675
0.274157
0.205586
0.603937
1.008860
1.312120
1.320123
0.875917
0.365859
-0.045578
-0.038896
0.038840
0.172774
0.249914
0.206444
0.209099
0.246981
0.234743
0.388908
0.567363
0.791031
0.870502
0.694370
0.366889
0.524438
0.583908
0.515862
0.319304
0.092605
0.003682
-0.010723
0.043932
0.084648
0.108647
-0.035758
-0.212324
-0.330146
-0.255590
0.003726
0.246600
0.430325
0.573336
0.535451
-0.116553
-0.196570
-0.285748
-0.363512
-0.312445
-0.408507
-0.379232
-0.293007
-0.310984
-0.401543
-0.510707
-0.624379
-0.834744
-0.916619
-0.863167
-0.695379
-0.543159
-0.386809
-0.217514
-0.079476
-0.357877
0.033303
0.440487
0.466964
0.452403
0.428307
0.355496
0.356410
0.345106
0.334219
0.359373
0.414686
0.745264
1.002001
1.818805
2.510293
2.897526
3.284693
2.048179
1.217557
-0.091032
0.408442
0.848815
0.859820
0.853412
0.803847
0.730044
0.702514
0.679106
0.683704
0.640917
0.709738
0.989392
1.453865
2.392388
3.235078
3.986470
3.974797
3.070192
1.637876
-0.345520
0.056000
0.550581
0.494764
0.446177
0.348155
0.261921
0.223151
0.214989
0.161061
0.170371
0.203737
0.437004
0.773115
1.899107
2.901110
4.105607
4.245429
3.731180
2.486921
-0.500073
-0.215292
0.110099
0.038645
-0.061689
-0.139804
-0.215304
-0.267973
-0.294456
-0.369805
-0.394878
-0.374071
-0.254206
0.101962
0.622685
1.580684
2.388022
3.232542
3.011554
1.972715
-0.752572
-0.527502
-0.341764
-0.467665
-0.586678
-0.713644
-0.809439
-0.933323
-1.002775
-1.006035
-1.019648
-1.064680
-0.932400
-0.758203
-0.253265
0.254307
0.911994
1.251252
1.192225
0.619565
-0.946868
-0.847626
-0.732398
-0.872838
-1.044610
-1.242357
-1.369747
-1.453402
-1.499082
-1.528317
-1.512963
-1.549378
-1.465097
-1.280812
-0.826491
-0.365017
0.177759
0.494016
0.399792
-0.020450
-1.094187
-1.092997
-1.070107
-1.184039
-1.420570
-1.631056
-1.778793
-1.845991
-1.866907
-1.816279
-1.844223
-1.859607
-1.932358
-1.789524
-1.513080
-1.064680
-0.562233
-0.212235
-0.137510
-0.372573
-1.140097
-1.172067
-1.129829
-1.283013
-1.547123
-1.873662
-1.958468
-2.024230
-2.069070
-1.979536
-2.012051
-2.013290
-2.058810
-2.066468
-1.848335
-1.411826
-1.006437
-0.633765
-0.526482
-0.648168
-1.096174
-1.108579
-1.104786
-1.285348
-1.645067
-1.936660
-1.984647
-2.092375
-2.092584
-2.010871
-2.032326
-2.094075
-2.130036
-2.135512
-2.023510
-1.720084
-1.344306
-0.920676
-0.758739
-0.869260
-0.994496
-0.968286
-0.999738
-1.358639
-1.720455
-1.983294
-2.109875
-2.195303
-2.160692
-2.035156
-2.051796
-2.107622
-2.101636
-2.101179
-2.034111
-1.829046
-1.543494
-1.069577
-0.903821
-0.923756
-1.016913
-0.977720
-1.076936
-1.505918
-1.858429
-2.004086
-2.133462
-2.174497
-2.163369
-2.145761
-2.075994
-2.095640
-2.053205
-2.034637
-2.005615
-1.912793
-1.720668
-1.341874
-1.069737
-1.046021
-1.057663
-1.031113
-1.079399
-1.504414
-1.862322
-2.043561
-2.104890
-2.158192
-2.135246
-2.131654
-2.110478
-2.071038
-1.961354
-1.910303
-1.901786
-1.909217
-1.809564
-1.480616
-1.173515
-1.110247
-1.049811
-1.109833
-1.211189
-1.477454
-1.757187
-1.903011
-2.061912
-2.153457
-2.088058
-2.127892
-2.082886
-1.979639
-1.860326
-1.792302
-1.804191
-1.846630
-1.860677
-1.595244
-1.292888
-1.194142
-1.135832
-1.190668
-1.393300
-1.558535
-1.729342
-1.870070
-1.987749
-2.161453
-2.138211
-2.156812
-2.078904
-1.921569
-1.810371
-1.731255
-1.750809
-1.852154
-1.869899
-1.629513
-1.382756
-1.264510
-1.301515
-1.426735
-1.544905
-1.645636
-1.695506
-1.789593
-1.947753
-2.094538
-2.093689
-2.104250
-2.018051
-1.909719
-1.800313
-1.744219
-1.787062
-1.864719
-1.880441
-1.688962
-1.485471
-1.345277
-1.385445
-1.534297
-1.618085
-1.690527
-1.696088
-1.738678
-1.855809
-1.990574
-2.022054
-2.002436
-1.897149
-1.807577
-1.691482
-1.664777
-1.715587
-1.835026
-1.891729
-1.742354
-1.567374
-1.430032
-1.423613
-1.538119
-1.618201
-1.653410
-1.603170
-1.611928
-1.632106
-1.645684
-1.612805
-1.575360
-1.559837
-1.519981
-1.479568
-1.454149
-1.542750
-1.646061
-1.709221
-1.628541
-1.498758
-1.401001
-1.327331
-1.339552
-1.346941
-1.463061
-1.481559
-1.430431
-1.429909
-1.423267
-1.334392
-1.290846
-1.275377
-1.188282
-1.224354
-1.277168
-1.312903
-1.295111
-1.427096
-1.376036
-1.323645
-1.272096
-1.282482
-1.301589
-1.315231
-1.383216
-1.474225
-1.425988
-1.377934
-1.315825
-1.245913
-1.196281
-1.195892
-1.106208
-1.224465
-1.203680
-1.244089
-1.217817
-1.327823
-1.328241
-1.285090
-1.267358
-1.253867
-1.195459
-1.191286
-1.226775
-1.312127
-1.206423
-1.212445
-1.225022
-1.161887
-1.152232
-1.186817
-1.136952
-1.123262
-1.184972
-1.199817
-1.081308
-1.168689
-1.187930
-1.223249
-1.237656
0.185317
0.508960
0.846499
0.876308
0.864190
0.849344
0.769994
0.770603
0.742642
0.743667
0.760770
0.833923
1.192214
1.506222
2.321898
2.941439
3.212085
3.484000
2.114680
1.344503
0.466843
0.888975
1.235320
1.239566
1.233064
1.187268
1.110788
1.074515
1.028745
1.038635
1.000159
1.096303
1.438235
1.947492
2.976346
3.716374
4.365333
4.101262
3.053293
1.632343
0.256375
0.604880
1.030418
0.957762
0.900869
0.803181
0.728216
0.683880
0.662178
0.608747
0.622750
0.681912
0.971858
1.335920
2.434586
3.352051
4.533073
4.513796
3.933935
2.623760
0.092070
0.345731
0.605085
0.535626
0.439510
0.365794
0.296417
0.222487
0.184126
0.123730
0.093274
0.129741
0.283768
0.613997
1.092634
2.008381
2.732135
3.434379
3.093480
2.123920
-0.182996
0.011947
0.169957
0.050479
-0.059796
-0.184144
-0.283103
-0.368867
-0.433827
-0.423583
-0.440641
-0.463151
-0.334766
-0.212515
0.298617
0.808624
1.435039
1.649724
1.370428
0.895204
-0.430469
-0.357713
-0.293230
-0.420361
-0.563151
-0.722017
-0.832280
-0.909857
-0.941384
-0.962954
-0.971376
-0.946619
-0.822949
-0.705119
-0.261138
0.137588
0.657873
0.958322
0.740953
0.343940
-0.722231
-0.770192
-0.788508
-0.890950
-1.033399
-1.141097
-1.221197
-1.312607
-1.386434
-1.436401
-1.472314
-1.447508
-1.378658
-1.168640
-0.890318
-0.534853
-0.083184
0.289573
0.281284
0.039346
-0.784505
-0.869457
-0.886983
-1.086630
-1.243473
-1.379572
-1.431494
-1.501348
-1.549190
-1.583773
-1.588149
-1.573131
-1.509235
-1.429840
-1.192441
-0.869707
-0.509099
-0.143820
-0.074188
-0.230524
-0.778927
-0.876073
-0.902153
-1.094153
-1.342369
-1.461929
-1.525427
-1.588851
-1.582143
-1.548288
-1.533478
-1.558070
-1.556371
-1.506488
-1.377807
-1.164697
-0.833314
-0.458840
-0.308359
-0.435015
-0.651063
-0.700099
-0.747752
-1.099618
-1.373385
-1.571918
-1.703462
-1.813041
-1.801444
-1.664595
-1.572032
-1.566742
-1.512149
-1.501418
-1.437512
-1.302903
-0.992290
-0.609409
-0.499976
-0.520615
-0.620123
-0.698399
-0.866399
-1.255135
-1.506413
-1.620776
-1.711647
-1.819283
-1.839292
-1.825657
-1.693717
-1.629989
-1.606156
-1.598176
-1.558851
-1.464201
-1.179475
-0.852883
-0.681173
-0.635684
-0.656127
-0.713409
-0.777316
-1.193162
-1.483371
-1.558870
-1.604487
-1.675805
-1.718083
-1.705613
-1.650140
-1.660081
-1.654981
-1.644949
-1.610534
-1.535913
-1.274601
-0.943177
-0.757151
-0.720123
-0.683515
-0.750435
-0.826580
-1.021580
-1.251177
-1.350973
-1.513817
-1.652089
-1.671515
-1.650860
-1.648222
-1.639180
-1.597542
-1.534690
-1.517425
-1.457150
-1.313651
-1.039672
-0.871531
-0.802629
-0.727674
-0.806959
-0.903971
-0.991605
-1.179887
-1.262590
-1.361684
-1.527928
-1.597779
-1.626186
-1.651991
-1.597704
-1.539150
-1.440880
-1.420917
-1.428993
-1.300219
-1.055545
-0.969315
-0.893898
-0.867130
-0.946018
-1.030209
-1.078459
-1.165600
-1.184894
-1.233804
-1.257849
-1.335585
-1.418193
-1.521317
-1.521833
-1.485178
-1.439517
-1.387692
-1.329370
-1.230285
-1.099417
-1.039661
-0.959667
-0.961001
-1.042595
-1.092164
-1.170767
-1.204196
-1.160003
-1.077662
-1.093276
-1.165715
-1.221154
-1.273593
-1.261910
-1.189781
-1.167670
-1.132294
-1.151738
-1.142264
-1.087719
-1.132220
-1.051687
-1.063272
-1.170236
-1.208239
-1.232822
-1.178678
-1.076562
-0.897909
-0.792340
-0.739803
-0.726476
-0.751852
-0.802331
-0.777152
-0.757302
-0.795158
-0.869525
-0.978884
-1.076037
-1.164585
-1.150432
-1.122162
-1.233454
-1.318985
-1.310214
-1.173848
-0.989660
-0.810345
-0.697220
-0.606188
-0.549670
-0.574238
-0.581573
-0.601899
-0.655397
-0.667038
-0.704370
-0.835615
-1.016240
-1.154418
-1.134272
-1.235428
-1.374184
-1.431490
-1.397059
-1.269389
-1.099704
-0.914043
-0.716539
-0.573559
-0.560305
-0.578327
-0.552614
-0.620992
-0.572054
-0.611595
-0.705437
-0.900214
-1.139525
-1.269233
-1.280705
-1.186062
-1.312088
-1.351865
-1.342304
-1.207571
-1.010440
-0.840719
-0.724514
-0.651054
-0.625185
-0.590946
-0.598779
-0.643665
-0.687995
-0.727386
-0.791226
-0.973256
-1.174807
-1.260509
-1.216006
0.071258
0.114196
0.083419
0.110231
0.108016
0.115017
0.124745
0.146052
0.148938
0.160001
0.158842
0.131777
0.097137
0.029103
0.005481
0.121132
0.747895
0.996627
0.999834
0.999486
0.053391
0.088222
0.125661
0.186134
0.171713
0.162816
0.153235
0.159353
0.169973
0.163774
0.152778
0.146133
0.095657
0.041650
0.005865
0.004780
0.020749
0.377914
0.990045
0.986676
0.048294
0.064524
0.093093
0.142326
0.132028
0.144551
0.166356
0.137472
0.142937
0.170620
0.194427
0.189674
0.060854
0.049191
0.053232
0.025810
0.036172
0.329411
0.124563
0.464979
0.087153
0.141943
0.118969
0.176599
0.209202
0.195385
0.184558
0.186043
0.172663
0.154220
0.197461
0.242157
0.105093
0.074030
0.194305
0.106439
0.031044
0.055226
0.017910
0.045782
0.106463
0.124334
0.100806
0.161605
0.146203
0.154983
0.145085
0.126105
0.112838
0.113909
0.150810
0.186056
0.107014
0.129389
0.064430
0.066652
0.007762
0.008632
0.053961
0.092446
0.127170
0.200659
0.151862
0.210977
0.225089
0.196621
0.161914
0.228326
0.172670
0.128947
0.070308
0.074337
0.053036
0.146101
0.228123
0.242026
0.069629
0.078309
0.158466
0.250690
0.256351
0.353850
0.285767
0.239023
0.247418
0.193824
0.158946
0.181228
0.135182
0.067774
0.025910
0.051325
0.032184
0.074652
0.139048
0.244456
0.163083
0.124630
0.321095
0.347509
0.269133
0.484076
0.471515
0.258925
0.242852
0.321932
0.159287
0.059918
0.142304
0.075766
0.023620
0.015984
0.020339
0.062045
0.123301
0.288091
0.246448
0.160897
0.164695
0.285428
0.156876
0.404196
0.387933
0.277876
0.182815
0.454887
0.676055
0.648307
0.729932
0.591773
0.050393
0.019846
0.031203
0.058953
0.137887
0.317766
0.296267
0.171529
0.125502
0.263630
0.113894
0.317177
0.332430
0.437213
0.376980
0.554421
0.902994
0.981305
0.969549
0.873533
0.378769
0.080426
0.033305
0.053550
0.109132
0.315891
0.290619
0.249533
0.105501
0.248996
0.113262
0.231198
0.430511
0.469465
0.542006
0.519539
0.892982
0.987433
0.991866
0.958705
0.565025
0.296361
0.215447
0.222819
0.241404
0.242356
0.263188
0.224770
0.118604
0.208297
0.092778
0.163449
0.379424
0.434060
0.350303
0.208441
0.640400
0.973684
0.983666
0.913921
0.809374
0.649890
0.421105
0.267021
0.240366
0.305183
0.181311
0.243050
0.125383
0.198338
0.083224
0.184073
0.264444
0.358046
0.367423
0.518865
0.693015
0.971352
0.980317
0.838306
0.754684
0.757296
0.525308
0.264759
0.188089
0.264565
0.172032
0.214912
0.155821
0.165703
0.116684
0.100620
0.115674
0.226375
0.245034
0.281148
0.346166
0.547208
0.757863
0.790813
0.750163
0.769917
0.686651
0.210760
0.103906
0.168998
0.260430
0.285741
0.218160
0.174348
0.161968
0.180869
0.088680
0.092887
0.046440
0.061038
0.102820
0.126968
0.353133
0.557940
0.505158
0.484845
0.327409
0.121203
0.039801
0.097123
0.167009
0.319479
0.257246
0.243851
0.128041
0.090408
0.057741
0.039491
0.022286
0.035496
0.057841
0.116407
0.332322
0.355265
0.312910
0.313205
0.125383
0.035654
0.027969
0.063969
0.165449
0.290267
0.254104
0.201290
0.129960
0.210394
0.092400
0.043723
0.086264
0.121755
0.086313
0.155550
0.121265
0.162867
0.162641
0.192020
0.112316
0.046103
0.029307
0.040301
0.083341
0.331394
0.240204
0.226656
0.270011
0.500356
0.527789
0.201063
0.035884
0.032005
0.054467
0.092327
0.109298
0.090255
0.062378
0.108604
0.080581
0.015039
0.039685
0.060990
0.087619
0.170144
0.305839
0.359028
0.308582
0.373922
0.240277
0.077032
0.028156
0.026189
0.090922
0.098644
0.051435
0.056533
0.072133
0.025483
0.046346
0.020675
0.055947
0.079206
0.162913
0.296502
0.239946
0.212622
0.201064
0.129629
0.070945
0.038980
0.025600
0.043791
0.109014
0.079976
0.089598
0.075230
0.072210
0.053146
0.073391
0.040978
0.098329
0.129836
0.176649
0.320041
0.105698
0.179867
0.225881
0.179922
0.238222
0.218187
0.216505
0.212319
0.191385
0.178714
0.162556
0.166974
0.172082
0.183008
0.286552
0.233562
0.549184
0.214521
0.032849
0.000313
0.000003
0.000085
0.182653
0.102389
0.188420
0.165506
0.174521
0.149709
0.133142
0.111621
0.107373
0.096830
0.121181
0.145954
0.185487
0.143885
0.087440
0.055631
0.013102
0.002349
0.000662
0.002815
0.302048
0.159480
0.280326
0.251850
0.231863
0.230807
0.216291
0.228151
0.211498
0.208040
0.184269
0.213354
0.235042
0.356521
0.194219
0.199294
0.085845
0.048367
0.663908
0.391328
0.291624
0.200378
0.262658
0.250873
0.269967
0.267320
0.253736
0.229531
0.217831
0.221812
0.210213
0.180042
0.234395
0.247805
0.458971
0.394558
0.547772
0.489746
0.796200
0.806972
0.263958
0.187160
0.279315
0.265547
0.273206
0.246892
0.258086
0.222378
0.218571
0.230572
0.190768
0.149140
0.143688
0.204063
0.117531
0.212974
0.198950
0.283665
0.252712
0.236120
0.274600
0.202303
0.232883
0.201614
0.211505
0.197002
0.178365
0.156925
0.164924
0.154300
0.150261
0.095119
0.065150
0.107372
0.113346
0.117672
0.135296
0.171572
0.217726
0.211863
0.185487
0.142096
0.202862
0.212186
0.231521
0.187992
0.145293
0.157299
0.208551
0.313193
0.307602
0.129867
0.075696
0.146395
0.176727
0.162321
0.213911
0.237030
0.267835
0.225112
0.165628
0.109421
0.126067
0.223485
0.191805
0.100860
0.099652
0.096914
0.144270
0.140708
0.116274
0.108029
0.120121
0.168496
0.214702
0.164839
0.170551
0.223495
0.260713
0.197465
0.201310
0.122378
0.180072
0.320515
0.490455
0.361883
0.247235
0.270253
0.186326
0.128507
0.152070
0.158127
0.135688
0.175068
0.189563
0.152367
0.191853
0.229634
0.307991
0.221199
0.194934
0.205351
0.280518
0.241777
0.411195
0.334862
0.078532
0.015485
0.026818
0.082307
0.137732
0.149036
0.182327
0.144009
0.146427
0.114454
0.201671
0.185899
0.293556
0.204388
0.213018
0.247685
0.255904
0.288604
0.267319
0.363708
0.096139
0.011787
0.006918
0.021613
0.177254
0.221209
0.221881
0.219313
0.182618
0.157329
0.207797
0.228617
0.283324
0.240154
0.268915
0.274178
0.307868
0.372149
0.400316
0.649373
0.320123
0.018711
0.008813
0.034965
0.071396
0.087721
0.185016
0.261880
0.278302
0.174769
0.258199
0.241067
0.257081
0.214247
0.291279
0.225694
0.244582
0.258942
0.224924
0.219332
0.134450
0.016837
0.012886
0.054357
0.075174
0.056566
0.157161
0.242309
0.230938
0.165324
0.246587
0.253373
0.237637
0.222417
0.233069
0.154462
0.208283
0.150039
0.094371
0.168700
0.246878
0.295077
0.193840
0.151564
0.139569
0.060302
0.074677
0.112112
0.093257
0.092433
0.151071
0.165783
0.212409
0.185307
0.175063
0.160915
0.175906
0.086522
0.040115
0.045203
0.111584
0.394850
0.388408
0.282506
0.288424
0.174659
0.124573
0.055883
0.032907
0.062258
0.139494
0.144582
0.175770
0.173793
0.124754
0.126409
0.076064
0.048797
0.025512
0.030568
0.105831
0.298348
0.282543
0.316997
0.326540
0.169271
0.077580
0.015189
0.010664
0.028834
0.082001
0.148467
0.176583
0.142960
0.113856
0.120497
0.056721
0.031448
0.040219
0.060524
0.097760
0.137540
0.168192
0.222406
0.248063
0.110712
0.031376
0.007597
0.006702
0.017871
0.068445
0.088250
0.110561
0.127774
0.203823
0.177134
0.111422
0.067903
0.078777
0.064197
0.120335
0.144581
0.141375
0.120803
0.152165
0.085229
0.023556
0.011136
0.013319
0.041625
0.102423
0.151201
0.068376
0.071228
0.137318
0.103500
0.028242
0.015656
0.036414
0.105294
0.173017
0.147552
0.193483
0.212974
0.186153
0.115103
0.043097
0.013922
0.013091
0.030733
0.054293
0.049818
0.049580
0.068415
0.165556
0.148157
0.077201
0.043001
0.043015
0.123408
0.345548
0.336573
0.341226
0.478032
0.454684
0.256679
0.064632
0.047431
0.045189
0.078728
0.105705
0.080141
0.107564
0.119462
0.189996
0.200553
0.186604
0.170524
0.169524
0.163336
0.162174
0.162735
0.161704
0.177185
0.170670
0.193933
0.192631
0.250199
0.099904
0.254540
0.061801
0.000969
0.000025
0.000132
0.090729
0.087778
0.067730
0.070177
0.067247
0.060595
0.060475
0.059193
0.063542
0.062096
0.066224
0.071808
0.061554
0.043457
0.074847
0.035273
0.043840
0.011079
0.002338
0.003365
0.106003
0.095325
0.080964
0.087482
0.084762
0.096668
0.106277
0.092705
0.090762
0.085039
0.113506
0.109988
0.090130
0.123776
0.091923
0.066694
0.032420
0.033570
0.093426
0.084764
0.114867
0.130627
0.087786
0.088712
0.087459
0.091378
0.098655
0.104121
0.094842
0.101884
0.121709
0.124426
0.102215
0.142178
0.074845
0.087220
0.061161
0.053534
0.032094
0.014102
0.113416
0.103218
0.088343
0.072663
0.068365
0.075369
0.072422
0.075984
0.084487
0.100296
0.135668
0.120105
0.127344
0.141074
0.209812
0.223086
0.182323
0.119011
0.141048
0.065501
0.109577
0.124576
0.129902
0.149174
0.145470
0.163510
0.148605
0.199322
0.222070
0.219445
0.219636
0.232150
0.189569
0.206443
0.193305
0.174966
0.223314
0.189241
0.231474
0.099551
0.111586
0.102659
0.126719
0.134033
0.160552
0.163524
0.186644
0.248662
0.245029
0.252212
0.208519
0.168614
0.172831
0.285111
0.221929
0.162081
0.201526
0.161028
0.119536
0.081409
0.114021
0.115728
0.111568
0.131579
0.245596
0.224330
0.350105
0.491704
0.473092
0.495856
0.440223
0.304268
0.278660
0.412745
0.313405
0.228293
0.250332
0.230689
0.188271
0.136441
0.130871
0.140976
0.077633
0.066266
0.042012
0.036477
0.023827
0.029681
0.051752
0.207775
0.450683
0.315717
0.376938
0.439889
0.321557
0.177610
0.184589
0.166336
0.115209
0.098955
0.113772
0.128208
0.106693
0.053387
0.027594
0.026677
0.004198
0.000759
0.001743
0.025447
0.246405
0.331480
0.401578
0.494651
0.400023
0.207998
0.187624
0.174817
0.133332
0.110582
0.121496
0.105543
0.100469
0.054508
0.042637
0.021176
0.001814
0.000168
0.000412
0.008007
0.119414
0.202212
0.260351
0.286636
0.331882
0.279133
0.142343
0.165024
0.146335
0.109414
0.109877
0.078342
0.069297
0.043341
0.049806
0.030937
0.012963
0.002930
0.003093
0.027451
0.066026
0.120569
0.171958
0.231023
0.252536
0.232776
0.158430
0.166136
0.152675
0.115757
0.115967
0.121486
0.111814
0.114729
0.121920
0.085614
0.070035
0.003597
0.002721
0.056720
0.087696
0.105831
0.180559
0.213413
0.213018
0.216795
0.183190
0.162311
0.149553
0.120326
0.133201
0.133663
0.180159
0.217950
0.123843
0.086407
0.083110
0.046172
0.013439
0.016753
0.045220
0.095124
0.099047
0.175356
0.171679
0.163229
0.164555
0.163920
0.149834
0.134992
0.166269
0.180497
0.158953
0.170446
0.086714
0.106000
0.157692
0.118821
0.063466
0.038941
0.055890
0.108640
0.089363
0.066554
0.056501
0.102680
0.168265
0.164888
0.158195
0.171440
0.230582
0.221996
0.174932
0.093529
0.052444
0.106935
0.212509
0.149355
0.127253
0.124605
0.129112
0.169435
0.079410
0.036622
0.026684
0.063543
0.121564
0.170459
0.159250
0.193284
0.195986
0.182391
0.120847
0.071218
0.051559
0.092313
0.247023
0.293003
0.287593
0.338027
0.267935
0.258808
0.107864
0.062934
0.049839
0.133470
0.192211
0.209262
0.241744
0.233719
0.131484
0.059303
0.039093
0.040793
0.043404
0.138213
0.377038
0.455639
0.455435
0.597965
0.591218
0.409506
0.140516
0.100610
0.134655
0.322470
0.401464
0.376159
0.281782
0.227421
0.114674
0.037123
0.012958
0.010304
0.009065
0.030051
0.151817
0.333922
0.305565
0.299182
0.463084
0.264798
0.125937
0.106473
0.117946
0.176453
0.303777
0.191178
0.164912
0.181955
0.126486
0.056133
0.017129
0.012069
0.013468
0.029608
0.046160
0.072989
0.085336
0.082717
0.143525
0.157807
0.121002
0.142920
0.120917
0.198645
0.225902
0.165508
0.153742
0.166204
0.159642
0.165584
0.118846
0.132761
0.132154
0.141212
0.160826
0.171667
0.178486
0.163228
0.154188
0.151654
0.113743
0.148024
0.056176
0.087272
0.056409
0.001070
0.000093
0.000110
0.188718
0.245309
0.176845
0.185168
0.176976
0.201300
0.219364
0.234593
0.235427
0.256726
0.239106
0.227913
0.217415
0.280261
0.467406
0.508626
0.765031
0.527387
0.003921
0.002309
0.109924
0.217060
0.090928
0.095361
0.093504
0.096741
0.101569
0.106710
0.119606
0.129728
0.126922
0.114982
0.176878
0.101182
0.285326
0.354270
0.620584
0.427996
0.013982
0.009670
0.116227
0.163937
0.113002
0.115199
0.097549
0.096458
0.100736
0.107896
0.129480
0.134813
0.136027
0.144267
0.182381
0.165607
0.105618
0.164401
0.190547
0.176844
0.014236
0.014556
0.109404
0.179896
0.104297
0.111497
0.112801
0.118244
0.118265
0.133622
0.135751
0.132062
0.158530
0.204891
0.264385
0.168348
0.332212
0.248192
0.299894
0.243872
0.086378
0.157122
0.107509
0.129930
0.080100
0.100489
0.102858
0.108728
0.134288
0.124422
0.119658
0.129865
0.167929
0.249612
0.336863
0.206028
0.214744
0.206928
0.279594
0.227532
0.044343
0.081444
0.101952
0.112317
0.101751
0.111633
0.104644
0.131409
0.165044
0.135029
0.112680
0.107811
0.121252
0.285091
0.414202
0.246415
0.202580
0.144550
0.153617
0.139159
0.037354
0.059275
0.102590
0.085198
0.090877
0.116290
0.120362
0.138031
0.168059
0.114408
0.072035
0.086255
0.147643
0.254333
0.340189
0.207073
0.156295
0.096840
0.087184
0.081806
0.037673
0.065980
0.120553
0.102702
0.098369
0.104438
0.097036
0.059881
0.020552
0.015100
0.008143
0.015574
0.073147
0.191435
0.218723
0.148996
0.140649
0.108695
0.102400
0.123896
0.068413
0.091654
0.126370
0.095164
0.056694
0.068563
0.057107
0.029312
0.004093
0.000680
0.000359
0.003277
0.042444
0.135576
0.170016
0.138329
0.154117
0.116109
0.090794
0.116802
0.069592
0.101496
0.129335
0.124790
0.053414
0.061578
0.057585
0.027277
0.002418
0.000159
0.000156
0.002256
0.034478
0.077890
0.123513
0.113827
0.089574
0.092423
0.100277
0.098189
0.083102
0.099657
0.104612
0.120950
0.063957
0.039520
0.065603
0.035059
0.009802
0.001457
0.001251
0.008490
0.019128
0.049011
0.075570
0.091903
0.076034
0.091762
0.107883
0.098687
0.099766
0.119653
0.105818
0.144078
0.089740
0.070669
0.129142
0.068588
0.037050
0.002583
0.000849
0.017430
0.027156
0.027091
0.044522
0.105619
0.147346
0.117059
0.105111
0.089576
0.107900
0.133018
0.115542
0.167594
0.123519
0.144491
0.241374
0.220866
0.128821
0.036716
0.009075
0.011995
0.017692
0.017887
0.049127
0.219427
0.231196
0.185910
0.122314
0.112259
0.108135
0.145465
0.146606
0.135917
0.175285
0.304491
0.363983
0.452005
0.328782
0.105635
0.056932
0.026962
0.033227
0.055992
0.175519
0.298172
0.278846
0.227977
0.186853
0.115022
0.125374
0.116906
0.157561
0.204392
0.379800
0.458948
0.483398
0.504937
0.326377
0.152521
0.093916
0.053488
0.048151
0.086368
0.178132
0.287260
0.306618
0.347025
0.248051
0.126887
0.125233
0.150247
0.154623
0.184119
0.381476
0.567102
0.497222
0.370175
0.286960
0.128087
0.131987
0.072329
0.062497
0.125289
0.229249
0.383035
0.425080
0.472312
0.338786
0.143809
0.142326
0.151690
0.100501
0.075761
0.113007
0.302554
0.308571
0.270574
0.119426
0.082660
0.080417
0.045164
0.032404
0.111579
0.198370
0.371428
0.523418
0.402742
0.276011
0.143302
0.144490
0.148613
0.111158
0.092885
0.124657
0.209071
0.143492
0.133188
0.177842
0.160527
0.154002
0.126438
0.068753
0.142422
0.281195
0.509433
0.644372
0.561873
0.321270
0.205553
0.163470
0.224782
0.127657
0.091180
0.111901
0.114924
0.128956
0.102537
0.177887
0.210887
0.190108
0.125180
0.111717
0.170796
0.408905
0.486338
0.549464
0.385445
0.231626
0.154367
0.206160
0.213289
0.229953
0.226410
0.203901
0.178600
0.161611
0.162465
0.169563
0.157742
0.162647
0.152946
0.161193
0.164778
0.169355
0.241741
0.245621
0.286786
0.091017
0.000758
0.000019
0.000072
0.375742
0.389449
0.295006
0.243786
0.236290
0.243403
0.263126
0.265806
0.262903
0.261359
0.267191
0.267560
0.320667
0.394986
0.309999
0.367116
0.133657
0.067595
0.002070
0.001792
0.317866
0.334381
0.223419
0.191681
0.200152
0.194181
0.193286
0.202514
0.205038
0.198388
0.190641
0.181170
0.279574
0.228952
0.304714
0.222808
0.087574
0.081691
0.027796
0.008232
0.257677
0.225797
0.186838
0.145195
0.104250
0.113891
0.133001
0.140313
0.144902
0.146087
0.135930
0.141651
0.252826
0.243575
0.092287
0.071855
0.045066
0.070769
0.016983
0.009916
0.252635
0.233439
0.172327
0.151871
0.156263
0.155304
0.153500
0.188121
0.169860
0.164233
0.167892
0.166491
0.185673
0.148083
0.085652
0.078529
0.063062
0.056503
0.038418
0.051385
0.210665
0.171019
0.187917
0.149426
0.134598
0.126465
0.140828
0.116195
0.112156
0.131220
0.167371
0.192195
0.181592
0.149732
0.108343
0.125831
0.124343
0.140420
0.087776
0.083230
0.171109
0.156664
0.151410
0.150852
0.101292
0.140806
0.148138
0.119826
0.138670
0.119641
0.166596
0.251425
0.200493
0.144831
0.129526
0.150386
0.126134
0.173800
0.089011
0.083520
0.174719
0.111191
0.087888
0.121983
0.093509
0.114738
0.134038
0.148558
0.103617
0.139040
0.197431
0.230745
0.175431
0.088896
0.106539
0.120487
0.122755
0.172210
0.144146
0.114830
0.191411
0.128963
0.097842
0.081035
0.071568
0.034796
0.012846
0.019537
0.015697
0.040386
0.209721
0.228433
0.150170
0.097656
0.112209
0.127330
0.125437
0.164066
0.168303
0.136056
0.248745
0.150536
0.100012
0.075149
0.049847
0.021660
0.003512
0.000747
0.001038
0.010435
0.118179
0.171854
0.110206
0.090421
0.089476
0.102597
0.116556
0.133455
0.174321
0.150032
0.220768
0.174469
0.085093
0.037877
0.033586
0.020825
0.001288
0.000122
0.000333
0.006291
0.067806
0.114650
0.084635
0.078623
0.076690
0.112134
0.149397
0.139875
0.159267
0.154862
0.194146
0.183882
0.074493
0.030256
0.049022
0.026589
0.005956
0.001711
0.001887
0.008968
0.018541
0.045700
0.065703
0.062349
0.061948
0.096136
0.151731
0.127798
0.165370
0.159438
0.187586
0.158366
0.113891
0.080651
0.085496
0.058730
0.035319
0.002947
0.001643
0.015398
0.022915
0.021162
0.032461
0.082256
0.141880
0.141883
0.144904
0.148738
0.173241
0.162937
0.182048
0.209251
0.147367
0.139864
0.216875
0.181964
0.140586
0.039305
0.011641
0.011822
0.017511
0.024791
0.041049
0.188105
0.338342
0.281482
0.157397
0.138030
0.145141
0.167404
0.166955
0.148348
0.193363
0.268221
0.422699
0.301987
0.230471
0.142311
0.058283
0.034779
0.039191
0.071979
0.178788
0.380831
0.544169
0.433340
0.205135
0.121605
0.137762
0.125317
0.154251
0.161439
0.189336
0.301966
0.384754
0.297760
0.242416
0.158330
0.074109
0.074965
0.095900
0.167209
0.467638
0.592031
0.605898
0.453968
0.272642
0.131142
0.138113
0.136884
0.184286
0.154457
0.266777
0.235992
0.286135
0.308648
0.204995
0.148336
0.144587
0.115074
0.181226
0.238070
0.451138
0.474899
0.470127
0.301930
0.231296
0.119967
0.156127
0.117797
0.148820
0.101816
0.140148
0.291662
0.325567
0.381448
0.218054
0.131617
0.117437
0.092316
0.106615
0.222038
0.500894
0.478569
0.269162
0.152753
0.098703
0.109573
0.150816
0.126616
0.182007
0.209863
0.353789
0.337849
0.240101
0.200249
0.144784
0.136908
0.138765
0.130399
0.116564
0.323384
0.426787
0.306816
0.137786
0.120095
0.107494
0.187666
0.289953
0.196895
0.166863
0.208073
0.285384
0.248546
0.207793
0.146561
0.096853
0.109654
0.117368
0.076078
0.070912
0.163483
0.209980
0.172654
0.114374
0.099807
0.111301
0.156609
0.248761
0.188662
0.123270
0.113335
0.169008
0.189697
0.212191
0.205650
0.191307
0.183091
0.185670
0.179667
0.183024
0.174850
0.140582
0.097371
0.043634
0.035749
0.010030
0.000263
0.000026
0.000114
0.108767
0.086854
0.146338
0.149230
0.173252
0.182178
0.170659
0.169435
0.160782
0.159215
0.153520
0.140632
0.119220
0.095761
0.054443
0.028574
0.023620
0.013676
0.000964
0.003043
0.115866
0.129229
0.231270
0.231299
0.257691
0.237052
0.216221
0.232448
0.230159
0.208185
0.190236
0.190832
0.157523
0.140378
0.070586
0.131124
0.137405
0.078964
0.076325
0.041027
0.132451
0.137318
0.230747
0.223421
0.231573
0.235568
0.229314
0.232097
0.240283
0.241183
0.198660
0.167456
0.123090
0.126805
0.073974
0.175526
0.124410
0.153881
0.122577
0.108673
0.154124
0.171953
0.254912
0.236817
0.243162
0.249208
0.252642
0.253790
0.278492
0.258927
0.196331
0.173318
0.171895
0.209043
0.190363
0.170567
0.248009
0.288317
0.427481
0.397425
0.170479
0.171513
0.217337
0.188321
0.180480
0.207674
0.236000
0.174810
0.208523
0.236224
0.224496
0.156586
0.173790
0.184324
0.142139
0.132577
0.167825
0.192926
0.260215
0.273222
0.173515
0.132415
0.131492
0.152272
0.154573
0.182445
0.195935
0.157955
0.159888
0.139369
0.170121
0.113677
0.104593
0.102596
0.130188
0.136205
0.141729
0.164353
0.165169
0.203174
0.173908
0.094386
0.112085
0.147739
0.105877
0.100108
0.088859
0.088497
0.064681
0.062376
0.074810
0.086640
0.065261
0.060744
0.085757
0.101451
0.122730
0.130903
0.204502
0.199856
0.198978
0.100785
0.158151
0.149870
0.116115
0.052077
0.019485
0.017122
0.008149
0.015985
0.063987
0.086442
0.087278
0.079439
0.098135
0.116231
0.099453
0.144539
0.214582
0.188506
0.202284
0.103565
0.123653
0.123911
0.077277
0.033067
0.006670
0.001024
0.000494
0.005000
0.076471
0.131628
0.102567
0.079040
0.100825
0.142950
0.112736
0.139495
0.223698
0.184507
0.202121
0.116317
0.074609
0.087969
0.056866
0.047475
0.005357
0.000332
0.000314
0.003128
0.036023
0.087678
0.094174
0.078781
0.077833
0.116624
0.136998
0.143525
0.209368
0.187616
0.229671
0.179200
0.104961
0.080674
0.084951
0.049601
0.010756
0.001508
0.001290
0.006204
0.015536
0.047109
0.080649
0.085823
0.090812
0.099373
0.142446
0.123262
0.199725
0.192567
0.216126
0.166303
0.175530
0.116963
0.071096
0.048871
0.030131
0.002683
0.001584
0.017789
0.032375
0.032054
0.059989
0.091644
0.078730
0.094375
0.148177
0.131090
0.175849
0.195599
0.219456
0.234410
0.224998
0.121281
0.078503
0.060914
0.054439
0.035522
0.014142
0.017053
0.029844
0.031979
0.049449
0.094239
0.061620
0.107948
0.144233
0.134267
0.166320
0.192484
0.183139
0.193454
0.207812
0.077433
0.040048
0.033767
0.068652
0.111415
0.079778
0.058873
0.078110
0.103885
0.104347
0.077357
0.047777
0.076621
0.133243
0.134424
0.145652
0.168693
0.204811
0.195356
0.122127
0.057270
0.031606
0.024305
0.055027
0.125040
0.089857
0.074679
0.087387
0.094511
0.071856
0.033244
0.022167
0.042661
0.110293
0.132778
0.146717
0.175335
0.221290
0.148142
0.081779
0.050517
0.038601
0.046585
0.076949
0.137483
0.146376
0.089296
0.077637
0.075101
0.068058
0.025432
0.018945
0.034116
0.085922
0.107318
0.109038
0.142364
0.145360
0.085631
0.068541
0.096025
0.207797
0.113564
0.110681
0.093176
0.096039
0.053497
0.055220
0.063044
0.056083
0.023219
0.019761
0.019420
0.033780
0.049622
0.048697
0.067094
0.146262
0.182707
0.240077
0.350090
0.542771
0.505030
0.261617
0.122447
0.156750
0.174474
0.093312
0.128809
0.076637
0.042682
0.030857
0.031640
0.050253
0.069282
0.092139
0.115331
0.212374
0.366828
0.437441
0.542480
0.581168
0.554094
0.224538
0.189920
0.176364
0.162762
0.146953
0.198089
0.122090
0.109678
0.071728
0.107540
0.148817
0.123334
0.178074
0.132517