0.021109
0.018165
0.014082
0.016281
0.019767
0.019117
0.019001
0.019207
0.017596
0.026557
0.040401
0.038510
0.024074
0.019047
0.019124
0.018955
0.019093
0.019237
0.018196
0.017530
0.018270
0.019685
0.019222
0.018158
0.018059
0.017690
0.018649
0.016356
0.016349
0.019891
0.021536
0.026031
0.025684
0.017420
0.018124
0.017194
0.019818
0.019845
0.019063
0.020583
0.018734
0.024172
0.025612
0.024316
0.022089
0.016984
0.020216
0.018339
0.020103
0.019940
0.022287
0.023752
0.018095
0.025780
0.025697
0.014932
0.017537
0.020501
0.018205
0.020462
0.011277
0.015966
0.013075
0.008717
0.011316
0.006980
0.009193
0.009626
0.010764
0.011921
0.007597
0.006224
0.008662
0.016633
0.014388
0.010449
0.016065
0.019792
0.019401
0.022107
0.015756
0.016840
0.017113
0.013427
0.017908
0.012708
0.017430
0.018089
0.019409
0.024197
0.013597
0.014897
0.049006
0.042767
0.016129
0.013296
0.018426
0.022043
0.023201
0.024797
0.009093
0.010715
0.231590
0.393789
0.399983
0.044783
0.036051
0.022363
0.011075
0.015091
0.015207
0.019683
0.039913
0.049131
0.013204
0.008944
0.014766
0.018261
0.019292
0.020972
0.013845
0.016625
0.621861
0.822756
0.822461
0.036146
0.041373
0.027917
0.017358
0.016067
0.009344
0.005946
0.024186
0.027614
0.010158
0.009890
0.010924
0.014666
0.020280
0.021363
0.021353
0.018261
0.549650
0.638546
0.701662
0.028599
0.037125
0.020650
0.013625
0.019472
0.019059
0.022274
0.050100
0.049059
0.019355
0.019137
0.011317
0.015870
0.019523
0.021322
0.017370
0.013202
0.011612
0.012980
0.024718
0.016834
0.023170
0.010688
0.013379
0.020735
0.020455
0.025431
0.065175
0.047639
0.028595
0.023537
0.012787
0.012789
0.019958
0.022932
0.021782
0.021288
0.020536
0.008884
0.015317
0.015689
0.016051
0.010421
0.025698
0.022563
0.013031
0.033026
0.093382
0.071320
0.031442
0.028650
0.015437
0.012904
0.019542
0.021407
0.024444
0.026287
0.011368
0.010986
0.023673
0.016305
0.015589
0.014026
0.030544
0.046169
0.045711
0.110472
0.134706
0.097661
0.038265
0.029613
0.018258
0.015741
0.019644
0.022267
0.017394
0.018706
0.010322
0.008859
0.013553
0.010965
0.010639
0.010414
0.013220
0.028810
0.050520
0.102293
0.096261
0.032481
0.054220
0.069840
0.027076
0.011177
0.017348
0.021688
0.015869
0.020505
0.015808
0.012923
0.012195
0.012220
0.010394
0.012175
0.011544
0.016854
0.021084
0.018688
0.013289
0.008224
0.045363
0.044405
0.015208
0.007970
0.019339
0.020443
0.016883
0.023457
0.013023
0.009595
0.013576
0.011723
0.012890
0.012269
0.014113
0.013511
0.015995
0.016412
0.013935
0.012301
0.024277
0.024866
0.017161
0.019410
0.017209
0.018252
0.018836
0.022060
0.014176
0.008050
0.017049
0.015570
0.008696
0.010410
0.014481
0.013759
0.013926
0.012736
0.013911
0.014522
0.011787
0.008605
0.010060
0.016359
0.019229
0.016805
0.019710
0.022414
0.016592
0.010226
0.021851
0.017644
0.015551
0.012588
0.017364
0.015991
0.013952
0.017494
0.017289
0.020762
0.016013
0.012722
0.014373
0.014004
0.016422
0.010394
0.016706
0.017837
0.007604
0.004006
0.004578
0.003634
0.004933
0.009676
0.011702
0.012464
0.013926
0.016048
0.015254
0.014453
0.009673
0.008691
0.004593
0.009345
0.014861
0.013167
0.008664
0.006167
0.004748
0.008332
0.025801
0.071782
0.031287
0.010084
0.009079
0.006570
0.006989
0.006711
0.003452
0.004192
0.012922
0.010626
0.003110
0.011912
0.027039
0.022178
0.010472
0.012209
0.013768
0.020549
0.070036
0.162915
0.106833
0.013858
0.008937
0.010363
0.017156
0.016646
0.013225
0.013393
0.024401
0.020014
0.006273
0.015526
0.024575
0.029533
0.013897
0.021457
0.027713
0.036023
0.070697
0.100313
0.065493
0.019248
0.015833
0.012218
0.016498
0.015262
0.016887
0.018054
0.019346
0.019803
0.014241
0.004485
0.002723
0.007922
0.280247
0.382513
0.587516
0.591666
0.607767
0.646853
0.587161
0.653299
0.717944
0.845167
0.725119
0.649530
0.577381
0.562360
0.574180
0.570994
0.519362
0.572977
0.318517
0.025189
0.398301
0.552226
0.682045
0.669880
0.669230
0.658886
0.659017
0.702429
0.771623
0.916194
0.834500
0.746210
0.741596
0.721359
0.637236
0.674015
0.711626
0.790668
0.645498
0.154920
0.177495
0.387178
0.542770
0.446343
0.228378
0.181526
0.345099
0.226258
0.301317
0.619978
0.444679
0.325814
0.279502
0.368782
0.374438
0.365380
0.516001
0.618655
0.637184
0.443580
0.105714
0.283736
0.420225
0.220710
-0.145462
-0.111027
0.186340
0.027533
0.094870
0.559222
0.321699
0.166925
0.114249
0.044642
0.265197
0.171391
0.225080
0.381799
0.383816
0.336660
-0.012633
0.459801
0.559422
0.006676
-0.596033
-0.486463
0.092622
-0.122540
-0.006474
0.497338
0.259167
0.116507
0.017980
-0.157725
0.085351
-0.015428
0.029038
0.095311
0.181853
0.151907
0.132311
1.182962
1.014398
-0.111594
-1.184157
-0.911184
0.041218
-0.143317
0.130035
0.440584
0.208769
0.011333
-0.198608
-0.474285
-0.144493
-0.087302
-0.043366
-0.015596
0.033019
0.035722
0.211539
1.644070
1.283505
-0.130055
-1.399297
-1.102851
-0.033006
-0.134161
0.282187
0.443061
0.217793
0.084020
-0.130983
-0.543989
-0.225054
-0.191142
-0.000223
-0.031542
-0.018625
0.007516
0.208529
1.608236
1.309879
-0.067248
-1.425114
-1.109002
-0.104926
-0.031695
0.224941
0.283829
0.095338
0.086245
-0.184407
-0.565780
-0.165755
-0.235546
-0.000865
0.004104
-0.038537
-0.007256
0.138189
1.123722
1.065000
-0.060074
-1.280453
-0.976649
-0.142670
0.073925
0.142031
0.119420
-0.034421
0.089568
-0.273986
-0.585782
-0.131590
-0.256306
-0.094133
0.057660
0.022731
0.000220
-0.076463
0.435954
0.560792
-0.110549
-0.896571
-0.640327
-0.173543
0.068800
0.180195
0.033647
0.042046
0.236196
-0.315899
-0.642646
-0.121952
-0.285094
-0.299778
0.023058
0.009415
0.003980
-0.128769
-0.012466
0.009209
0.014050
-0.443350
-0.250526
-0.137713
0.093584
0.316630
0.124768
0.212957
0.144007
-0.387629
-0.623230
-0.018040
-0.250864
-0.506611
-0.060152
0.024131
-0.003753
-0.095376
-0.067009
-0.213807
0.046031
-0.005048
-0.022965
-0.177467
0.034454
0.340073
0.212520
0.170751
0.105476
-0.271611
-0.182250
0.118557
-0.261133
-0.784371
-0.278569
-0.013399
-0.055823
-0.045323
-0.110731
-0.350022
-0.000792
0.125187
-0.000767
-0.248025
-0.129294
0.211348
0.184042
0.112520
-0.041339
-0.300201
0.095696
0.181411
-0.282101
-0.774465
-0.309911
-0.067597
-0.101260
-0.047458
-0.087537
-0.312170
0.152453
0.200380
-0.114360
-0.366212
-0.339268
-0.014683
0.082443
0.004998
-0.045728
-0.232322
0.287818
0.233289
-0.313074
-0.804012
-0.406953
-0.144121
-0.110751
-0.088062
-0.041778
-0.171910
0.245649
0.242058
-0.133979
-0.438475
-0.414355
-0.183741
-0.063315
-0.047634
-0.101296
-0.255945
0.110354
0.086627
-0.311395
-0.650881
-0.336156
-0.121031
-0.121901
-0.041746
0.054033
0.007970
0.317694
0.276517
-0.171088
-0.504685
-0.485798
-0.126402
-0.039660
-0.033752
-0.067150
-0.072437
-0.007554
-0.026173
-0.263852
-0.469328
-0.033125
-0.040320
-0.226174
0.010179
0.184044
0.287966
0.381208
0.229385
-0.240129
-0.700338
-0.722771
-0.102622
0.043373
0.006709
-0.037601
-0.050113
-0.113539
-0.209176
-0.376398
-0.122419
0.455751
0.037270
-0.439823
0.163473
0.654614
0.922601
0.921204
0.206303
-0.390573
-0.951043
-1.224784
-0.197899
0.034353
0.108895
0.054710
0.035787
0.076860
-0.126299
-0.461783
-0.219131
0.817189
0.263844
-0.475024
0.216953
0.652515
0.814247
0.746370
0.136553
-0.403942
-0.811351
-1.101280
-0.073304
0.153765
0.214851
0.161823
0.117115
0.127469
-0.072911
-0.259494
-0.133960
0.845527
0.311940
-0.505931
0.179959
0.635244
0.841042
0.667623
0.189617
-0.330076
-0.770990
-1.159300
-0.221513
0.050723
0.140865
0.075473
0.038432
0.065671
-0.108596
-0.263370
-0.360601
0.469331
0.234775
-0.428662
-0.620279
-0.639898
-0.678485
-0.685491
-0.648745
-0.717674
-0.695128
-0.683930
-0.593698
-0.596028
-0.545782
-0.534637
-0.526516
-0.549121
-0.691287
-0.820422
-0.864978
-0.792118
-0.462168
-0.300350
-0.302310
-0.317923
-0.237850
-0.280995
-0.298689
-0.347377
-0.340623
-0.312288
-0.230675
-0.214602
-0.171669
-0.156246
-0.169664
-0.207143
-0.354297
-0.462148
-0.531042
-0.623282
-0.443559
-0.204890
0.197423
0.513585
0.714730
0.814338
0.734302
0.662093
0.533063
0.389033
0.393699
0.433395
0.474829
0.527502
0.549989
0.625609
0.478525
0.263691
-0.080904
-0.190871
-0.082343
-0.022094
0.303965
0.937837
1.503185
1.730566
1.603195
1.244033
0.797042
0.527669
0.406387
0.507080
0.686219
0.780975
0.865641
0.757781
0.550091
0.262440
-0.016797
-0.162295
-0.066945
0.010158
0.573166
1.291002
1.766493
1.929368
1.655517
1.155917
0.686550
0.349766
0.272932
0.308181
0.365077
0.393640
0.502504
0.499240
0.412707
0.231940
-0.053498
-0.157904
-0.078648
0.023562
0.574522
1.200759
1.572841
1.599456
1.447455
1.006304
0.521343
0.219176
0.190279
0.225461
0.360059
0.423001
0.570097
0.547694
0.467796
0.293947
0.043822
-0.133786
-0.067260
0.004686
0.143214
0.264388
0.256062
0.188580
0.134265
0.126884
-0.027556
-0.002756
0.192806
0.428635
0.644673
0.837955
0.866313
0.877354
0.687221
0.409368
0.237634
-0.116084
-0.138925
0.002946
-0.294190
-0.536225
-0.768523
-0.851193
-0.838324
-0.679815
-0.465339
-0.140630
0.026509
0.152998
0.333242
0.385158
0.502739
0.467815
0.460888
0.353469
0.296370
-0.028033
-0.108366
-0.019335
-0.423530
-0.872956
-1.385867
-1.557494
-1.420239
-1.001248
-0.570042
-0.184305
0.097994
0.219600
0.259320
0.222914
0.284377
0.200010
0.262015
0.250765
0.255422
0.101857
-0.094156
-0.049907
-0.193143
-0.340257
-0.559759
-0.715087
-0.709912
-0.545400
-0.325986
-0.093014
0.019642
0.054561
0.240853
0.165107
0.118111
0.114693
0.029330
0.031961
0.108218
0.010096
-0.157667
-0.058297
-0.065674
-0.050134
-0.204422
-0.370812
-0.345785
-0.305759
-0.265237
-0.235961
-0.246455
-0.136776
-0.087184
-0.051196
-0.052400
-0.076484
-0.130116
-0.078010
0.055571
0.005008
-0.169129
-0.072057
-0.031984
0.081014
0.048017
0.005100
-0.011646
-0.020718
-0.106566
-0.256288
-0.396915
-0.379629
-0.456003
-0.450539
-0.365299
-0.248249
-0.058109
0.076461
0.197796
0.065932
-0.126059
-0.074192
-0.051997
0.007966
0.124331
0.136325
0.171183
0.097971
-0.069354
-0.213310
-0.414769
-0.490608
-0.612337
-0.638499
-0.490848
-0.353487
-0.173425
-0.098700
0.026213
0.032015
-0.091119
-0.094455
-0.114787
-0.168787
-0.012173
0.039801
0.055771
0.017649
-0.108918
-0.305756
-0.445982
-0.481451
-0.501864
-0.477043
-0.418732
-0.492027
-0.511604
-0.515321
-0.362823
-0.165727
-0.088743
-0.093725
-0.271818
-0.368973
-0.264859
-0.259009
-0.303145
-0.327242
-0.356193
-0.425100
-0.398014
-0.419122
-0.463162
-0.504019
-0.468902
-0.501113
-0.588118
-0.618030
-0.485963
-0.271860
-0.113120
-0.037975
-0.245784
-0.261947
-0.132222
-0.262852
-0.359981
-0.301992
-0.180946
-0.144754
-0.172279
-0.263743
-0.416840
-0.454804
-0.421685
-0.425816
-0.403717
-0.376877
-0.192005
0.080075
0.241466
0.273328
0.092608
0.279130
0.691409
0.867380
0.925282
0.929877
0.899375
0.668231
0.422491
0.236678
0.092066
0.068697
0.159702
0.225077
0.279869
0.427895
0.684417
0.971659
1.080460
0.887191
0.394759
0.785268
1.257417
1.739822
1.984242
1.864437
1.615994
1.162798
0.806637
0.564898
0.641259
0.727221
0.776075
0.898425
0.899346
0.817207
0.676846
0.477372
0.388005
0.343677
0.194368
0.319622
0.418243
0.446029
0.368465
0.306612
0.257910
0.270785
0.304298
0.395876
0.495276
0.519200
0.472488
0.407388
0.315392
0.213190
0.061473
-0.071860
-0.235481
-0.246966
-0.153561
-0.233696
-0.389811
-0.587901
-0.835675
-0.938858
-0.782554
-0.454185
-0.157950
0.002968
-0.019853
-0.088424
-0.114894
-0.277607
-0.454779
-0.508594
-0.609495
-0.810207
-0.965632
-0.812696
-0.843151
-0.590398
-0.307450
-0.346844
-0.381918
-0.364711
-0.442774
-0.407734
-0.404190
-0.346137
-0.361146
-0.386723
-0.342384
-0.366201
-0.299084
-0.185304
-0.097219
-0.040867
-0.253198
-0.495458
-0.837206
-0.580252
-0.450841
-0.548083
-0.627035
-0.642415
-0.640685
-0.626060
-0.601987
-0.549226
-0.559466
-0.564727
-0.492818
-0.466116
-0.331106
-0.145850
-0.003756
0.194826
0.031946
-0.404354
-1.233288
-1.194362
-1.160604
-1.265774
-1.404570
-1.413011
-1.424930
-1.404697
-1.407892
-1.413281
-1.315718
-1.249966
-1.143634
-1.179907
-1.020856
-0.776437
-0.312381
-0.126858
-0.179800
-0.465468
-1.523548
-1.587170
-1.652474
-1.751758
-1.825425
-1.889307
-1.924980
-1.944991
-1.940263
-1.883703
-1.760654
-1.682773
-1.627125
-1.712978
-1.490017
-1.175994
-0.809585
-0.456038
-0.528225
-0.662939
-1.674702
-1.746071
-1.808285
-1.906955
-1.977411
-2.092900
-2.158560
-2.197108
-2.177285
-2.064888
-1.989072
-1.985813
-2.021401
-2.124572
-2.032019
-1.729105
-1.249359
-0.890317
-0.808285
-0.886392
-1.746889
-1.678692
-1.622520
-1.706193
-1.766519
-1.998955
-2.224156
-2.268872
-2.219182
-2.088588
-2.028600
-2.098017
-2.176818
-2.331903
-2.209496
-1.968809
-1.556490
-1.063942
-0.955007
-0.962565
-1.755238
-1.679914
-1.629071
-1.674868
-1.719536
-1.936107
-2.206351
-2.241513
-2.194689
-2.085813
-2.076928
-2.169526
-2.284421
-2.412523
-2.281099
-2.101220
-1.761012
-1.252697
-1.014253
-1.021498
-1.724604
-1.694377
-1.621886
-1.656889
-1.716849
-1.966379
-2.173206
-2.150183
-2.105100
-2.042956
-2.057861
-2.133495
-2.253191
-2.342304
-2.228439
-2.075590
-1.813496
-1.345043
-1.102103
-1.043676
-1.794478
-1.729970
-1.633079
-1.653088
-1.722695
-1.932501
-2.101478
-2.062756
-2.010553
-1.959464
-1.982883
-2.077107
-2.197917
-2.256619
-2.161750
-2.080169
-1.882651
-1.492386
-1.204978
-1.102864
-1.792010
-1.840665
-1.737839
-1.723472
-1.832134
-1.969289
-2.062462
-2.029312
-1.972320
-1.914445
-1.909652
-2.009906
-2.124190
-2.147781
-2.080871
-2.033945
-1.872034
-1.545847
-1.273438
-1.162180
-1.692512
-1.862567
-1.931403
-1.950010
-2.017088
-2.065948
-2.055502
-1.959050
-1.936497
-1.898834
-1.914698
-1.983338
-2.070597
-2.076575
-2.060212
-2.024341
-1.900695
-1.669585
-1.406619
-1.229494
-1.577761
-1.794126
-2.013864
-2.113025
-2.184138
-2.157810
-2.097701
-1.955776
-1.883925
-1.883522
-1.938871
-1.963577
-2.023406
-2.022343
-2.022710
-1.993414
-1.884895
-1.710896
-1.550534
-1.309125
-1.457300
-1.675872
-1.954568
-2.108380
-2.144215
-2.082126
-2.016473
-1.890962
-1.844472
-1.846130
-1.909357
-1.917807
-1.932847
-1.953345
-1.987893
-1.964947
-1.901974
-1.766890
-1.631306
-1.411671
-1.390886
-1.617355
-1.846228
-1.987272
-1.976760
-1.900190
-1.859907
-1.832109
-1.837006
-1.854376
-1.895858
-1.894522
-1.911566
-1.927211
-1.916305
-1.895268
-1.846156
-1.771559
-1.649937
-1.481185
-1.343064
-1.563534
-1.790765
-1.885852
-1.832689
-1.776858
-1.765178
-1.794959
-1.851161
-1.896201
-1.884042
-1.874785
-1.860581
-1.833395
-1.796780
-1.801402
-1.801325
-1.787243
-1.703606
-1.555318
-1.342862
-1.495047
-1.651747
-1.742688
-1.677216
-1.696124
-1.735336
-1.823717
-1.882953
-1.857744
-1.794623
-1.734251
-1.764709
-1.751190
-1.733792
-1.796429
-1.795993
-1.773160
-1.690768
-1.534999
-1.294673
-1.372221
-1.511205
-1.563641
-1.526963
-1.596462
-1.724289
-1.872434
-1.937811
-1.821957
-1.668758
-1.585375
-1.619315
-1.657452
-1.642630
-1.660401
-1.661580
-1.622816
-1.504749
-1.399073
-1.220594
-1.205114
-1.220504
-1.202771
-1.165781
-1.303201
-1.522999
-1.728364
-1.866698
-1.709405
-1.568988
-1.406376
-1.382951
-1.386080
-1.418140
-1.497693
-1.510373
-1.499022
-1.415898
-1.360165
-1.229059
-1.182620
-1.154024
-1.141467
-1.157627
-1.257992
-1.458326
-1.653937
-1.748416
-1.614708
-1.463419
-1.338439
-1.280068
-1.304896
-1.372020
-1.352210
-1.354087
-1.381917
-1.367402
-1.204015
-1.200932
-1.111051
-1.092913
-1.050329
-1.074763
-1.198174
-1.293876
-1.464833
-1.507517
-1.416558
-1.355174
-1.286262
-1.206106
-1.200051
-1.263883
-1.281732
-1.230863
-1.266236
-1.227558
-1.135131
-0.363114
-0.190764
0.057736
0.034954
-0.000850
0.025477
-0.048984
-0.027279
-0.024341
0.036579
0.011948
-0.031179
-0.002947
-0.013807
0.103261
0.233413
0.328566
0.379629
0.070650
-0.167925
-0.357521
-0.157128
-0.019802
-0.071831
-0.117218
-0.123878
-0.158976
-0.142283
-0.097954
-0.073088
-0.097344
-0.153229
-0.123511
-0.061425
0.096409
0.289480
0.434756
0.607329
0.370108
-0.056321
-0.649711
-0.580385
-0.528664
-0.589363
-0.641820
-0.638910
-0.655886
-0.701438
-0.718691
-0.735604
-0.653969
-0.604536
-0.588839
-0.545407
-0.444630
-0.250638
0.199153
0.341156
0.221092
-0.068006
-0.895201
-0.920683
-0.990265
-1.090616
-1.126325
-1.109412
-1.112257
-1.166014
-1.166865
-1.153898
-1.141479
-1.124415
-1.079034
-1.039263
-0.845468
-0.608118
-0.281940
0.025609
-0.088116
-0.242178
-1.069104
-1.134064
-1.162238
-1.229404
-1.233950
-1.247553
-1.302888
-1.367155
-1.453569
-1.461526
-1.452520
-1.457164
-1.448171
-1.422617
-1.314300
-1.085259
-0.671260
-0.391752
-0.340093
-0.434451
-1.022897
-0.953838
-0.846047
-0.813074
-0.817489
-0.940721
-1.185101
-1.392925
-1.524370
-1.553766
-1.556743
-1.589358
-1.571859
-1.517589
-1.399182
-1.206815
-0.892853
-0.544810
-0.494526
-0.524406
-0.946917
-0.920828
-0.842768
-0.843849
-0.832581
-0.900300
-1.152484
-1.406188
-1.580905
-1.611568
-1.615218
-1.653064
-1.603719
-1.521383
-1.385351
-1.261455
-1.031299
-0.711437
-0.594071
-0.579329
-0.871250
-0.868278
-0.819884
-0.836902
-0.871398
-0.998935
-1.157563
-1.318931
-1.466749
-1.506077
-1.457080
-1.358022
-1.280810
-1.228850
-1.172084
-1.154665
-1.072816
-0.815822
-0.720896
-0.619145
-0.911198
-0.889525
-0.885310
-0.896554
-0.931335
-0.985844
-1.118507
-1.237672
-1.313690
-1.263911
-1.114845
-1.027070
-0.904926
-0.915605
-0.965502
-1.040107
-1.049244
-0.903782
-0.795287
-0.674879
-1.033546
-1.132217
-1.151465
-1.189354
-1.233667
-1.192306
-1.252488
-1.328030
-1.299382
-1.150922
-0.948573
-0.826510
-0.752515
-0.767212
-0.859515
-0.986474
-1.036275
-0.910823
-0.819820
-0.731370
-1.045265
-1.173963
-1.289579
-1.303626
-1.313952
-1.316627
-1.338107
-1.332393
-1.267674
-1.107247
-0.934074
-0.808301
-0.773154
-0.800717
-0.921246
-1.071213
-1.140952
-1.049231
-0.916857
-0.803388
-1.051175
-1.173545
-1.307654
-1.394568
-1.446097
-1.439942
-1.409540
-1.336324
-1.203895
-1.073363
-0.926681
-0.845963
-0.832317
-0.842813
-0.949866
-1.135574
-1.220790
-1.146388
-1.037415
-0.867759
-0.985161
-1.115054
-1.245931
-1.321044
-1.341481
-1.325908
-1.327460
-1.277292
-1.176349
-1.078946
-0.962797
-0.862242
-0.800207
-0.895847
-1.059149
-1.312281
-1.376038
-1.296963
-1.184238
-1.001738
-0.917718
-1.011758
-1.087568
-1.146759
-1.151884
-1.119582
-1.134926
-1.190474
-1.155017
-1.094343
-1.019998
-0.949464
-0.955362
-1.058316
-1.198257
-1.336884
-1.364433
-1.319414
-1.263675
-1.100929
-0.912426
-0.985050
-1.055055
-1.110662
-1.123188
-1.075865
-1.110386
-1.150017
-1.166163
-1.130844
-1.075988
-1.030890
-1.008968
-1.038635
-1.122132
-1.240077
-1.319084
-1.366201
-1.347612
-1.172382
-0.959729
-1.003584
-1.027624
-1.117899
-1.141627
-1.150490
-1.211167
-1.272695
-1.279664
-1.212877
-1.114605
-1.025842
-0.989927
-1.000962
-1.105212
-1.223877
-1.300044
-1.385756
-1.366635
-1.220862
-1.015052
-1.103034
-1.231281
-1.353120
-1.405291
-1.393825
-1.399854
-1.418851
-1.386301
-1.306641
-1.197971
-1.128781
-1.105965
-1.078028
-1.075645
-1.107695
-1.183486
-1.216791
-1.176773
-1.062513
-1.012034
-1.101140
-1.186929
-1.259739
-1.271802
-1.337873
-1.351898
-1.343705
-1.344069
-1.294381
-1.236460
-1.151266
-1.111541
-1.086442
-1.075138
-1.094665
-1.156679
-1.191993
-1.135604
-1.101412
-1.099149
-1.198033
-1.225774
-1.274040
-1.277022
-1.282403
-1.303554
-1.304117
-1.301059
-1.277806
-1.273626
-1.231515
-1.183787
-1.128560
-1.099653
-1.063541
-1.096199
-1.133828
-1.109559
-1.026442
-1.033597
-1.133410
-1.191630
-1.270236
-1.301266
-1.284174
-1.189665
-1.121728
-1.121819
-1.157057
-1.181658
-1.175801
-1.113235
-1.097205
-1.079457
-1.041303
-1.012778
-1.049658
-1.063830
-0.988451
0.084649
0.121416
0.201699
0.228469
0.219747
0.186301
0.137599
0.145895
0.157947
0.155000
0.158252
0.177027
0.267087
0.220663
0.181218
0.155236
0.120179
0.139830
0.163452
0.262343
0.117240
0.133217
0.183060
0.208342
0.245253
0.223150
0.182128
0.178158
0.149234
0.166980
0.247999
0.205981
0.192177
0.263570
0.239505
0.189394
0.190361
0.176704
0.296151
0.326528
0.130609
0.102976
0.199629
0.161673
0.130116
0.152216
0.247366
0.241889
0.199997
0.143272
0.087958
0.074725
0.090165
0.188647
0.250232
0.241381
0.175745
0.229065
0.287096
0.303694
0.156511
0.150445
0.101714
0.096787
0.055215
0.081174
0.197809
0.319734
0.309388
0.228765
0.097209
0.109506
0.186193
0.365548
0.295390
0.254486
0.192884
0.209361
0.220710
0.303694
0.117053
0.099750
0.015807
0.046676
0.064335
0.061588
0.312493
0.386785
0.272000
0.133938
0.178365
0.100803
0.160266
0.311920
0.350969
0.357245
0.193460
0.142754
0.174241
0.286736
0.211758
0.046264
0.002352
0.001781
0.018400
0.019919
0.198941
0.309506
0.261308
0.132426
0.144564
0.079112
0.093543
0.089943
0.104353
0.259949
0.238519
0.195580
0.115108
0.283549
0.083840
0.021274
0.000615
0.000186
0.001730
0.007858
0.048419
0.338917
0.465411
0.143373
0.066147
0.166115
0.167953
0.143862
0.134909
0.273670
0.225575
0.180008
0.114252
0.224876
0.048835
0.008589
0.000792
0.000785
0.005579
0.005840
0.024357
0.262102
0.435706
0.249976
0.124638
0.144093
0.088760
0.149833
0.174223
0.341201
0.244441
0.207734
0.140808
0.238735
0.116511
0.045500
0.051209
0.056049
0.080778
0.028525
0.065350
0.220601
0.687102
0.796739
0.773678
0.383630
0.114102
0.204062
0.133160
0.281187
0.232556
0.180190
0.146931
0.222365
0.239812
0.335781
0.211014
0.089801
0.029325
0.031588
0.165295
0.724917
0.922993
0.969573
0.957871
0.859053
0.518288
0.341319
0.120418
0.120251
0.185338
0.160634
0.201244
0.230536
0.228292
0.250331
0.276291
0.107749
0.129020
0.106141
0.161704
0.643139
0.937630
0.976085
0.982410
0.921083
0.691534
0.207496
0.027182
0.027541
0.118455
0.234645
0.245121
0.213824
0.161696
0.184550
0.252875
0.152163
0.129609
0.198664
0.321911
0.501774
0.810678
0.936505
0.980238
0.955202
0.826743
0.172766
0.024125
0.010647
0.070138
0.230686
0.243174
0.219580
0.192347
0.163295
0.182362
0.123795
0.126338
0.205253
0.384973
0.427472
0.636612
0.852395
0.914612
0.833068
0.616772
0.067613
0.015317
0.016123
0.039867
0.219476
0.248144
0.216903
0.187478
0.162831
0.160923
0.171096
0.111513
0.194599
0.340396
0.256597
0.439339
0.791118
0.788267
0.687162
0.324291
0.065676
0.025103
0.018513
0.050461
0.234518
0.241917
0.204376
0.183468
0.134156
0.073351
0.113399
0.087837
0.108878
0.136678
0.161331
0.183792
0.408698
0.345496
0.529176
0.253698
0.201594
0.042319
0.022128
0.039114
0.154111
0.202884
0.171391
0.173243
0.115083
0.098517
0.091131
0.082197
0.093803
0.069935
0.070862
0.125869
0.180845
0.162858
0.139685
0.158979
0.110588
0.081617
0.052272
0.055072
0.094864
0.150645
0.237156
0.176925
0.211402
0.162104
0.160907
0.059505
0.052880
0.054235
0.040923
0.094540
0.145098
0.158167
0.139000
0.126309
0.094802
0.089115
0.058741
0.030323
0.046537
0.328637
0.620268
0.303309
0.465889
0.579944
0.856574
0.931389
0.665277
0.110275
0.010691
0.008691
0.063173
0.242587
0.247966
0.151871
0.072807
0.038088
0.024836
0.024774
0.075748
0.219381
0.586427
0.221255
0.259962
0.409782
0.706107
0.896943
0.798867
0.180267
0.024718
0.003534
0.029639
0.195563
0.146675
0.031258
0.009871
0.009131
0.014299
0.029008
0.044872
0.196384
0.409844
0.164901
0.268242
0.223541
0.295156
0.660982
0.747854
0.450790
0.176521
0.110871
0.191264
0.176606
0.116202
0.051862
0.018998
0.014815
0.031389
0.068024
0.168399
0.500320
0.547314
0.173000
0.177226
0.183794
0.168439
0.184070
0.195907
0.185426
0.196347
0.205956
0.218123
0.217980
0.192740
0.166867
0.177175
0.203713
0.194976
0.213965
0.183413
0.157533
0.186326
0.152359
0.114585
0.129361
0.123836
0.116027
0.115680
0.135165
0.118322
0.091466
0.093103
0.112983
0.111971
0.097758
0.104570
0.126361
0.140521
0.182039
0.158425
0.138979
0.155143
0.224800
0.155878
0.170316
0.208810
0.155893
0.140295
0.129494
0.131260
0.127897
0.209511
0.243087
0.132627
0.115966
0.158333
0.151209
0.164977
0.179278
0.153145
0.213283
0.172892
0.147797
0.123134
0.091962
0.162242
0.094471
0.094849
0.156931
0.109125
0.119330
0.157460
0.160633
0.093071
0.090756
0.098932
0.168189
0.186945
0.209499
0.192231
0.211463
0.167656
0.344735
0.586874
0.896035
0.869776
0.705604
0.463152
0.196282
0.089525
0.073709
0.082705
0.076424
0.049681
0.055222
0.089495
0.121326
0.134636
0.211245
0.242424
0.241582
0.163049
0.603895
0.930505
0.996554
0.997852
0.978576
0.949880
0.578623
0.316132
0.116337
0.056932
0.039666
0.036817
0.094244
0.089149
0.145949
0.123785
0.213087
0.205748
0.211995
0.160797
0.874048
0.976512
0.999281
0.999771
0.998156
0.989125
0.885913
0.415646
0.084137
0.044790
0.042107
0.044623
0.092003
0.076002
0.180756
0.125516
0.226298
0.230753
0.222949
0.206804
0.836065
0.988526
0.998580
0.998240
0.991758
0.980380
0.868150
0.367359
0.083428
0.048510
0.033511
0.053009
0.156933
0.172680
0.155308
0.110305
0.191802
0.231471
0.187582
0.198969
0.624710
0.886467
0.860703
0.647973
0.563622
0.621597
0.559353
0.279355
0.075960
0.039778
0.027461
0.077971
0.234270
0.234018
0.257318
0.129605
0.169745
0.210110
0.177970
0.193395
0.251291
0.246387
0.514017
0.432189
0.369164
0.429109
0.375010
0.073201
0.021128
0.009919
0.008520
0.022002
0.126869
0.294435
0.320670
0.181509
0.220942
0.193735
0.173584
0.173200
0.171099
0.143754
0.201675
0.294517
0.297142
0.332223
0.283971
0.095171
0.018176
0.006675
0.004013
0.010822
0.081173
0.213696
0.218913
0.149008
0.174773
0.190754
0.202932
0.168916
0.183267
0.141949
0.171504
0.214680
0.210014
0.250349
0.203143
0.138585
0.053516
0.014591
0.004440
0.007542
0.034778
0.157864
0.074786
0.073006
0.124613
0.181275
0.200060
0.175187
0.147579
0.121867
0.194292
0.216413
0.199985
0.186952
0.127214
0.141029
0.089293
0.031855
0.017955
0.030651
0.038866
0.060768
0.033141
0.039215
0.114524
0.174582
0.186711
0.161834
0.150008
0.125387
0.225179
0.248658
0.185146
0.128544
0.100202
0.179660
0.143555
0.048325
0.047669
0.068577
0.126283
0.075353
0.032411
0.031973
0.122273
0.195680
0.198152
0.157684
0.132937
0.113883
0.215287
0.178800
0.088920
0.067886
0.067927
0.130891
0.184012
0.125137
0.158741
0.143261
0.196031
0.126285
0.093928
0.072513
0.176549
0.263081
0.184709
0.195664
0.139679
0.093356
0.142494
0.091540
0.042247
0.030641
0.032218
0.053128
0.114679
0.109472
0.151999
0.207657
0.174249
0.120892
0.129855
0.120854
0.153010
0.208549
0.212542
0.178323
0.147343
0.104262
0.141806
0.080583
0.054171
0.052600
0.042493
0.035980
0.087392
0.126279
0.184009
0.185302
0.140066
0.110415
0.074303
0.107681
0.135641
0.270278
0.186042
0.135566
0.136043
0.088256
0.075106
0.012896
0.005301
0.023707
0.032230
0.026372
0.067565
0.107086
0.149614
0.146390
0.067995
0.026507
0.012722
0.035411
0.039105
0.069361
0.108881
0.099124
0.116714
0.098306
0.092016
0.028835
0.007256
0.013410
0.029338
0.022327
0.022007
0.045582
0.053764
0.028385
0.010747
0.003329
0.002653
0.008417
0.023735
0.051801
0.115891
0.127890
0.170360
0.247456
0.298721
0.129173
0.048383
0.046513
0.126417
0.272862
0.199694
0.197253
0.169074
0.105961
0.038288
0.010576
0.005901
0.017576
0.036029
0.090413
0.058259
0.066573
0.225577
0.201070
0.201617
0.186504
0.167440
0.175494
0.206042
0.193373
0.173311
0.170857
0.196020
0.186877
0.165637
0.170501
0.182214
0.195803
0.183748
0.196578
0.169978
0.123045
0.136781
0.121258
0.103543
0.105552
0.110150
0.117542
0.141227
0.121373
0.105373
0.104147
0.123964
0.112227
0.099296
0.095215
0.098605
0.115081
0.118997
0.119654
0.106180
0.093987
0.164953
0.123075
0.235512
0.280268
0.253386
0.242255
0.192684
0.197552
0.187743
0.194520
0.141530
0.130555
0.123650
0.163514
0.178069
0.213214
0.230526
0.226128
0.138266
0.106607
0.225137
0.319858
0.535771
0.567173
0.526023
0.490117
0.291022
0.228491
0.266037
0.311503
0.268199
0.216885
0.205375
0.124710
0.185714
0.171876
0.152670
0.209602
0.157216
0.103877
0.081986
0.047789
0.015307
0.039015
0.127650
0.208671
0.215799
0.205401
0.302254
0.329783
0.233186
0.257612
0.376439
0.269306
0.203306
0.183253
0.201926
0.176978
0.164168
0.120914
0.022867
0.002049
0.000087
0.000065
0.001729
0.015268
0.119296
0.155969
0.267444
0.245610
0.201471
0.298562
0.468039
0.493773
0.405934
0.266011
0.202715
0.224052
0.248283
0.162117
0.003219
0.000045
0.000005
0.000004
0.000044
0.001516
0.035143
0.094175
0.117431
0.161972
0.180519
0.251743
0.328115
0.463772
0.420429
0.238171
0.160834
0.182420
0.192943
0.137399
0.011350
0.000159
0.000125
0.000337
0.001464
0.007597
0.054231
0.122264
0.102587
0.103520
0.141335
0.296253
0.475781
0.392017
0.328366
0.222248
0.163586
0.174891
0.217480
0.151093
0.034531
0.008700
0.031057
0.138821
0.216030
0.254523
0.246099
0.179268
0.045900
0.033902
0.048068
0.248894
0.435357
0.294686
0.283866
0.252847
0.194093
0.192776
0.228361
0.158782
0.136664
0.119532
0.107563
0.263551
0.428761
0.383453
0.240432
0.085277
0.017616
0.006261
0.016351
0.069423
0.253574
0.218769
0.302059
0.303849
0.226546
0.193396
0.196094
0.158803
0.175484
0.168558
0.259174
0.353168
0.384166
0.329574
0.278340
0.108978
0.015014
0.006369
0.006677
0.038155
0.154421
0.342167
0.303073
0.293967
0.241233
0.164569
0.165839
0.156200
0.181174
0.198161
0.344979
0.382341
0.443593
0.336687
0.209055
0.123331
0.046665
0.019212
0.006424
0.016582
0.070872
0.284088
0.156170
0.200844
0.245803
0.227059
0.174389
0.163603
0.221979
0.307624
0.421414
0.499502
0.474469
0.308997
0.165133
0.140908
0.087163
0.042926
0.026522
0.045421
0.074509
0.145361
0.100984
0.165599
0.200869
0.241412
0.177670
0.176553
0.204928
0.309680
0.432526
0.375954
0.408192
0.271118
0.191867
0.166036
0.145662
0.061399
0.061484
0.076431
0.126329
0.106007
0.115495
0.144464
0.238289
0.228549
0.180801
0.187831
0.239866
0.335156
0.477427
0.373258
0.295578
0.191328
0.164106
0.178448
0.156726
0.124592
0.127013
0.085128
0.139178
0.138088
0.167705
0.209358
0.340555
0.325071
0.215820
0.211033
0.187125
0.338653
0.476599
0.391615
0.249218
0.157515
0.167970
0.224909
0.215331
0.177152
0.161325
0.160788
0.196274
0.218154
0.307934
0.424542
0.418370
0.512655
0.297667
0.195861
0.182646
0.311674
0.420448
0.385393
0.249714
0.414544
0.506221
0.537785
0.442738
0.276477
0.205654
0.215939
0.207394
0.181626
0.212029
0.403202
0.568670
0.584461
0.311422
0.121861
0.153828
0.179338
0.216340
0.076204
0.042482
0.267150
0.801958
0.899790
0.847665
0.629406
0.308478
0.214900
0.150955
0.106595
0.105121
0.396514
0.737660
0.786729
0.582299
0.202379
0.183984
0.201290
0.193595
0.085002
0.045967
0.151044
0.704995
0.879255
0.873482
0.695142
0.349531
0.150161
0.076353
0.029652
0.030840
0.155964
0.516544
0.737723
0.481313
0.246744
0.136741
0.106808
0.150937
0.199123
0.110187
0.126973
0.308420
0.364994
0.470488
0.363117
0.239477
0.143934
0.075832
0.041967
0.038162
0.116166
0.249796
0.366225
0.178791
0.169011
0.161322
0.168654
0.123011
0.134004
0.135710
0.130372
0.143755
0.151518
0.147407
0.142144
0.136842
0.142670
0.140650
0.138595
0.133686
0.142207
0.156301
0.144341
0.141374
0.118155
0.191777
0.251847
0.229070
0.216591
0.204158
0.204913
0.211302
0.225508
0.252876
0.253536
0.221080
0.234762
0.245731
0.209561
0.191962
0.217261
0.184152
0.177835
0.134304
0.121125
0.135444
0.190576
0.110746
0.129154
0.184530
0.177459
0.143641
0.139637
0.162486
0.131727
0.163303
0.219018
0.203851
0.141919
0.115243
0.095250
0.089709
0.088859
0.070862
0.106108
0.152881
0.152852
0.114091
0.068740
0.144823
0.131973
0.125234
0.128427
0.122925
0.119284
0.233686
0.251225
0.261298
0.179287
0.118579
0.102358
0.109739
0.099911
0.092991
0.120896
0.123818
0.073873
0.016854
0.010386
0.032784
0.082839
0.092589
0.118076
0.132090
0.181159
0.174068
0.250736
0.225996
0.156055
0.120740
0.095577
0.095386
0.092436
0.086566
0.126686
0.049818
0.004261
0.000138
0.000056
0.000346
0.003817
0.033334
0.078731
0.126524
0.249565
0.231266
0.249574
0.148307
0.172216
0.143367
0.110903
0.110524
0.094963
0.082775
0.112300
0.013241
0.000312
0.000010
0.000006
0.000025
0.000714
0.012963
0.051069
0.083545
0.170813
0.168833
0.130084
0.109938
0.108191
0.097306
0.142436
0.125713
0.110110
0.083947
0.105428
0.031911
0.000583
0.000100
0.000171
0.000584
0.003462
0.022022
0.062213
0.073166
0.113225
0.173210
0.147350
0.086259
0.088446
0.104991
0.100479
0.119717
0.101634
0.094932
0.102000
0.069646
0.016353
0.015328
0.046651
0.082857
0.058646
0.060849
0.099624
0.037128
0.025359
0.035796
0.099838
0.089460
0.094610
0.111052
0.123409
0.122210
0.113231
0.114053
0.115430
0.118603
0.108368
0.061097
0.097132
0.097961
0.080489
0.094229
0.038806
0.012065
0.003936
0.006231
0.023951
0.052410
0.059004
0.098068
0.163250
0.108148
0.122245
0.116394
0.131273
0.120951
0.140048
0.078191
0.111156
0.085482
0.094513
0.094612
0.046904
0.009045
0.003294
0.002608
0.014931
0.035332
0.105628
0.194519
0.219875
0.133275
0.106926
0.100195
0.138794
0.123023
0.147212
0.061224
0.091629
0.099355
0.089532
0.086332
0.059621
0.024173
0.008468
0.003054
0.008124
0.028284
0.169001
0.287666
0.269812
0.186916
0.100209
0.101490
0.130565
0.129263
0.161626
0.045466
0.051091
0.084435
0.124875
0.108544
0.092420
0.058169
0.022693
0.015093
0.035362
0.108197
0.317638
0.375589
0.334019
0.249981
0.106113
0.104859
0.141829
0.128845
0.156458
0.041537
0.060086
0.159894
0.226251
0.174121
0.147136
0.093206
0.032786
0.038377
0.069186
0.176938
0.403150
0.531825
0.563415
0.329436
0.113773
0.112726
0.142120
0.144161
0.184540
0.061885
0.153231
0.395414
0.462801
0.404156
0.246586
0.158808
0.118050
0.121581
0.082895
0.150225
0.284230
0.484533
0.540305
0.302069
0.090649
0.119097
0.136636
0.154778
0.202110
0.097640
0.256889
0.481906
0.571995
0.565623
0.407026
0.220344
0.205602
0.162255
0.129020
0.151174
0.256353
0.300636
0.268995
0.244150
0.081505
0.131992
0.148011
0.128658
0.162993
0.107672
0.210068
0.449289
0.359350
0.296175
0.271694
0.200003
0.171027
0.114602
0.124192
0.199634
0.310837
0.355566
0.219457
0.138317
0.036477
0.074457
0.041402
0.097800
0.078005
0.025345
0.017338
0.010227
0.028330
0.041790
0.048699
0.049040
0.099025
0.090716
0.099243
0.225488
0.468088
0.604580
0.383174
0.144524
0.042398
0.054801
0.050131
0.118553
0.113595
0.064301
0.032610
0.014930
0.019673
0.065834
0.056695
0.081672
0.136132
0.140414
0.283240
0.401486
0.624007
0.761107
0.635015
0.315255
0.109601
0.124316
0.102709
0.134825
0.117197
0.088668
0.101516
0.062701
0.039687
0.061804
0.106158
0.115630
0.097655
0.141808
0.194947
0.288531
0.487477
0.721516
0.628579
0.502658
0.231355
0.134835
0.093030
0.195841
0.188359
0.136433
0.119546
0.110435
0.120013
0.149327
0.153092
0.155830
0.151402
0.137177
0.133682
0.111534
0.125225
0.147027
0.168877
0.188554
0.191505
0.200282
0.138520
0.247829
0.248096
0.193580
0.180626
0.172908
0.185521
0.190314
0.219424
0.227984
0.209573
0.151011
0.168451
0.197499
0.178063
0.189179
0.210925
0.220019
0.258445
0.186284
0.148297
0.184472
0.224883
0.109647
0.092650
0.129840
0.127222
0.117665
0.128382
0.148054
0.123903
0.124723
0.172659
0.145655
0.142855
0.146859
0.144969
0.183986
0.179603
0.143342
0.147961
0.156661
0.122922
0.080274
0.066137
0.130651
0.131134
0.118134
0.100620
0.085358
0.084787
0.137272
0.169233
0.133365
0.112700
0.109811
0.131596
0.189877
0.168001
0.146745
0.128827
0.168674
0.059596
0.020357
0.019805
0.040252
0.109846
0.097900
0.105509
0.116646
0.184501
0.237763
0.232081
0.107709
0.110949
0.107650
0.113045
0.158053
0.195727
0.170852
0.138520
0.046654
0.003649
0.000200
0.000074
0.000317
0.004113
0.027840
0.067523
0.120677
0.222608
0.244466
0.222885
0.129380
0.117602
0.120034
0.133600
0.128367
0.154671
0.192144
0.140677
0.005217
0.000088
0.000010
0.000008
0.000011
0.000257
0.006362
0.033670
0.094265
0.324247
0.397827
0.265143
0.196725
0.148043
0.097176
0.125739
0.145014
0.170134
0.216941
0.175372
0.015699
0.000178
0.000103
0.000240
0.000284
0.001338
0.012587
0.058655
0.111281
0.295336
0.408429
0.214948
0.126831
0.138801
0.150047
0.132588
0.171978
0.157700
0.199473
0.167887
0.044937
0.011918
0.026421
0.091759
0.042538
0.019577
0.029769
0.063575
0.037925
0.038272
0.050310
0.085655
0.075781
0.116216
0.143821
0.120036
0.148927
0.161035
0.172610
0.163834
0.112225
0.097665
0.081224
0.097935
0.055055
0.036216
0.047101
0.033997
0.008176
0.003369
0.004092
0.012445
0.025387
0.056651
0.111702
0.155083
0.154736
0.178732
0.145644
0.149890
0.143574
0.163263
0.110409
0.085912
0.053032
0.068302
0.091520
0.049434
0.006718
0.002855
0.001686
0.006255
0.019525
0.099859
0.211135
0.252063
0.238221
0.149066
0.134791
0.153893
0.153181
0.149183
0.074573
0.078707
0.052682
0.057769
0.084488
0.075534
0.027749
0.010503
0.002831
0.007425
0.026833
0.177665
0.425108
0.413600
0.307700
0.128699
0.132450
0.144764
0.124151
0.089672
0.061449
0.045751
0.049022
0.074286
0.103401
0.088565
0.060637
0.025383
0.014870
0.035906
0.122799
0.369659
0.453278
0.423643
0.329443
0.136880
0.132426
0.144191
0.125883
0.080214
0.047536
0.050210
0.063356
0.093677
0.094019
0.120218
0.087442
0.031414
0.034158
0.055874
0.157784
0.288538
0.273190
0.219936
0.203204
0.112879
0.123427
0.150946
0.115657
0.068881
0.054342
0.080743
0.075207
0.108730
0.144670
0.163795
0.182101
0.115084
0.123963
0.083621
0.141463
0.171554
0.180110
0.136886
0.100340
0.093930
0.118052
0.131108
0.154757
0.074254
0.082121
0.106086
0.096695
0.101107
0.106356
0.148574
0.187872
0.171247
0.199321
0.192037
0.186005
0.182241
0.129001
0.099615
0.087799
0.054442
0.085289
0.111465
0.173040
0.071013
0.100467
0.114213
0.133529
0.089988
0.073782
0.079064
0.088991
0.143055
0.185106
0.194032
0.220188
0.213218
0.204064
0.154830
0.086028
0.036424
0.044505
0.037379
0.159385
0.099994
0.075788
0.024988
0.006061
0.008043
0.008215
0.008322
0.012810
0.044741
0.106021
0.143561
0.238280
0.207659
0.175713
0.129441
0.038255
0.015756
0.016619
0.031327
0.199525
0.164612
0.133995
0.067144
0.011608
0.004905
0.007046
0.007569
0.009968
0.051371
0.120093
0.179171
0.248050
0.195709
0.109861
0.100728
0.064578
0.034667
0.039647
0.055241
0.157600
0.098443
0.074967
0.065552
0.019279
0.007624
0.013570
0.022897
0.034308
0.060834
0.084146
0.115415
0.161182
0.138033
0.075232
0.070323
0.069513
0.051659
0.051340
0.049112
0.159611
0.143276
0.153446
0.163038
0.182598
0.191912
0.177851
0.159775
0.159549
0.162474
0.153728
0.167004
0.148225
0.167841
0.152141
0.142902
0.137252
0.144331
0.167382
0.171611
0.154015
0.130998
0.161385
0.165053
0.151504
0.153194
0.139863
0.137216
0.173067
0.172661
0.142963
0.166608
0.167540
0.149020
0.154388
0.126818
0.104431
0.108936
0.138102
0.154920
0.159721
0.202611
0.174150
0.127445
0.146234
0.160552
0.169150
0.161280
0.173822
0.197067
0.239398
0.270416
0.320713
0.204732
0.158388
0.140210
0.140756
0.123200
0.147152
0.162738
0.161013
0.130788
0.076188
0.038922
0.048817
0.070753
0.110871
0.113603
0.096962
0.098201
0.103001
0.160080
0.123013
0.118822
0.122316
0.152740
0.145330
0.120893
0.170876
0.175051
0.163735
0.132118
0.035641
0.014343
0.029376
0.073905
0.084936
0.094704
0.103302
0.087914
0.100195
0.109086
0.074367
0.062275
0.096009
0.116244
0.139930
0.149681
0.162591
0.164096
0.065008
0.013273
0.000669
0.000171
0.000632
0.007003
0.041966
0.072140
0.107711
0.092859
0.138567
0.113050
0.066487
0.037316
0.080362
0.105752
0.106788
0.124985
0.149695
0.140560
0.020435
0.001769
0.000079
0.000024
0.000034
0.000529
0.011199
0.066523
0.155211
0.154806
0.144567
0.142292
0.105266
0.060131
0.069424
0.094468
0.116566
0.126575
0.168968
0.150122
0.056140
0.001966
0.000299
0.000228
0.000331
0.001383
0.018653
0.127406
0.193832
0.189433
0.118878
0.144347
0.065435
0.058222
0.087066
0.093179
0.108477
0.126569
0.159724
0.141316
0.109666
0.031063
0.015283
0.018747
0.014175
0.017133
0.038581
0.157577
0.115985
0.065951
0.064687
0.104012
0.051029
0.056409
0.070783
0.092916
0.132469
0.142658
0.160075
0.146194
0.141405
0.092267
0.025084
0.019392
0.019734
0.039145
0.077932
0.043801
0.018022
0.006942
0.006934
0.013126
0.023471
0.029822
0.047084
0.076058
0.104290
0.151258
0.167040
0.156298
0.160601
0.134045
0.074260
0.047498
0.051157
0.069247
0.089853
0.056374
0.013417
0.004721
0.002607
0.008755
0.018016
0.031154
0.045178
0.057546
0.094043
0.154040
0.151121
0.168373
0.197660
0.178945
0.094845
0.080480
0.064748
0.066999
0.095070
0.101155
0.037219
0.010721
0.003013
0.005126
0.012490
0.038617
0.032144
0.032092
0.064829
0.132072
0.148438
0.166301
0.184681
0.155917
0.095017
0.063448
0.065751
0.099637
0.110735
0.109606
0.068126
0.024749
0.010948
0.019592
0.038858
0.038960
0.021690
0.021401
0.065318
0.121537
0.150190
0.158690
0.202858
0.165430
0.092300
0.093996
0.071898
0.085810
0.099394
0.130354
0.090797
0.034958
0.030045
0.042771
0.088375
0.061275
0.021976
0.021700
0.056338
0.114600
0.142978
0.157042
0.183911
0.163383
0.117707
0.100569
0.057043
0.060376
0.082465
0.118949
0.134562
0.108439
0.123207
0.075919
0.119406
0.078248
0.031405
0.018809
0.041373
0.073158
0.159439
0.154168
0.190417
0.176543
0.102630
0.062738
0.047737
0.044938
0.057898
0.095501
0.135905
0.155682
0.162242
0.170814
0.133319
0.111771
0.050957
0.033722
0.041599
0.047985
0.121865
0.129183
0.191389
0.138656
0.067503
0.048836
0.053792
0.030639
0.027094
0.034555
0.086336
0.138064
0.152462
0.141535
0.106409
0.089103
0.064923
0.056090
0.041020
0.025822
0.054936
0.043525
0.149636
0.088517
0.027477
0.012001
0.004540
0.007493
0.005533
0.006125
0.014229
0.056569
0.102583
0.147939
0.165411
0.118344
0.063777
0.030624
0.015683
0.010007
0.018018
0.030613
0.159969
0.162235
0.106311
0.080301
0.023296
0.012102
0.012520
0.009435
0.009337
0.042134
0.140635
0.212367
0.232106
0.137431
0.086407
0.085577
0.050880
0.021337
0.042450
0.057572
0.235573
0.161854
0.163167
0.209480
0.098468
0.031349
0.038999
0.056569
0.069010
0.089877
0.188888
0.323539
0.384305
0.302950
0.144374
0.135967
0.073979
0.091950
0.076454
0.074960