0.019223
0.021745
0.016912
0.016806
0.017612
0.017154
0.017364
0.017462
0.017732
0.017753
0.017598
0.018318
0.018886
0.018652
0.018809
0.018427
0.018096
0.017853
0.016842
0.016603
0.016570
0.021891
0.015439
0.015710
0.016466
0.015749
0.016735
0.016216
0.016736
0.016425
0.016629
0.015960
0.016631
0.016774
0.017656
0.017666
0.017428
0.018828
0.016886
0.017887
0.019345
0.026865
0.016687
0.017764
0.019427
0.017526
0.017200
0.017841
0.019568
0.021214
0.020396
0.021894
0.021956
0.021429
0.021460
0.020875
0.020287
0.019255
0.018858
0.021141
0.020568
0.026282
0.016950
0.016373
0.019656
0.019766
0.020808
0.019934
0.020237
0.019555
0.019297
0.017867
0.018964
0.018678
0.018013
0.016532
0.015919
0.019073
0.019379
0.022303
0.019680
0.025423
0.018631
0.016415
0.016709
0.017257
0.018218
0.018871
0.023187
0.023338
0.019714
0.015066
0.019959
0.031300
0.024489
0.019402
0.017616
0.016874
0.019875
0.023576
0.019770
0.025386
0.020351
0.018608
0.016491
0.016687
0.017521
0.023338
0.019422
0.015111
0.015077
0.012583
0.024425
0.019148
0.019570
0.021629
0.017820
0.013330
0.021916
0.023152
0.017180
0.023271
0.015397
0.016035
0.019343
0.018056
0.023165
0.021102
0.022818
0.017685
0.019457
0.014142
0.019139
0.015897
0.014092
0.012211
0.015879
0.011376
0.023923
0.026768
0.019033
0.024993
0.016121
0.018133
0.014021
0.013685
0.013431
0.011050
0.009332
0.003465
0.006811
0.005097
0.020838
0.018213
0.017014
0.009800
0.012092
0.010454
0.016229
0.026493
0.018540
0.025012
0.015447
0.014600
0.014663
0.012911
0.015528
0.015109
0.017400
0.004962
0.013611
0.019241
0.703337
0.803928
0.620808
0.013825
0.024445
0.014332
0.015450
0.024847
0.019424
0.021546
0.017212
0.014406
0.013819
0.011866
0.029216
0.021358
0.018178
0.009743
0.032003
0.025641
0.734518
0.822040
0.658242
0.003105
0.023589
0.016289
0.013572
0.022976
0.018606
0.027291
0.024678
0.018023
0.017884
0.016788
0.021765
0.014802
0.016967
0.018020
0.026841
0.022795
0.396473
0.489469
0.390710
0.014793
0.015970
0.017165
0.011198
0.019765
0.018193
0.026032
0.021601
0.015864
0.018188
0.019240
0.015013
0.010002
0.014843
0.024683
0.022847
0.028690
0.028752
0.006398
0.005730
0.019623
0.012790
0.014239
0.011434
0.021631
0.017822
0.027199
0.019078
0.016174
0.037702
0.066187
0.050619
0.022826
0.032120
0.030376
0.020368
0.023454
0.020526
0.008675
0.016887
0.017861
0.009606
0.013170
0.013605
0.019586
0.016858
0.020756
0.017259
0.018825
0.055883
0.103329
0.062077
0.033937
0.036072
0.035716
0.019398
0.009341
0.033571
0.026593
0.010512
0.009458
0.011101
0.013210
0.013097
0.018029
0.019903
0.025618
0.022793
0.020011
0.048239
0.059701
0.033874
0.020698
0.023410
0.035486
0.011614
0.004700
0.024979
0.027714
0.005732
0.005960
0.009491
0.014007
0.018497
0.017040
0.021038
0.021529
0.021043
0.019798
0.021477
0.024267
0.013121
0.009699
0.012320
0.020217
0.009639
0.005067
0.020706
0.020117
0.014208
0.008954
0.012858
0.013914
0.015710
0.015600
0.021020
0.019408
0.015686
0.011914
0.012981
0.009339
0.010131
0.010567
0.009504
0.011847
0.013223
0.009743
0.006918
0.004302
0.006827
0.007686
0.007907
0.006974
0.010311
0.009983
0.015026
0.013434
0.011754
0.008486
0.009601
0.009289
0.012864
0.011049
0.012329
0.010880
0.009378
0.010944
0.007457
0.005109
0.003402
0.003655
0.004959
0.006973
0.012413
0.010129
0.020775
0.016611
0.014564
0.013639
0.016243
0.018618
0.013857
0.017512
0.022397
0.012701
0.015592
0.015170
0.016550
0.010006
0.008059
0.008438
0.017313
0.034012
0.041985
0.036217
0.014327
0.012312
0.012744
0.012603
0.015943
0.016537
0.015893
0.016742
0.018968
0.016940
0.020399
0.024416
0.016219
0.016430
0.019318
0.030345
0.032954
0.043138
0.050939
0.031027
0.353451
0.544488
0.812200
0.855569
0.844400
0.807644
0.806853
0.812511
0.811286
0.793274
0.775543
0.743801
0.737307
0.715599
0.720415
0.742184
0.735079
0.725459
0.346369
0.013276
0.677873
0.967587
1.227075
1.239401
1.232554
1.196683
1.163405
1.160609
1.137016
1.098281
1.069296
1.028563
1.001663
0.978495
0.955425
0.991512
1.004269
1.004645
0.750048
0.152705
0.558336
0.858405
1.258800
1.273603
1.258608
1.197284
1.143375
1.083822
1.024940
0.976872
0.916649
0.860501
0.819025
0.807419
0.803846
0.834536
0.921981
0.972968
0.900342
0.603077
0.439875
0.696429
1.069381
1.098473
1.058044
0.967663
0.875327
0.764540
0.706612
0.597930
0.509148
0.431244
0.322083
0.383916
0.431383
0.479792
0.606485
0.724309
0.678194
0.532988
0.409899
0.647697
0.983225
0.943525
0.854656
0.753522
0.671502
0.568914
0.444090
0.333872
0.195038
0.134100
0.042610
0.060957
0.081026
0.157874
0.216865
0.327844
0.301698
0.278020
0.396016
0.589907
0.822641
0.755066
0.653888
0.549524
0.494851
0.323402
0.149580
-0.016028
0.007112
0.020201
0.159897
0.078250
-0.122321
0.084295
0.028220
0.134718
0.129390
0.083037
0.398257
0.520553
0.677840
0.515466
0.418512
0.311595
0.385647
0.136109
-0.127019
-0.036697
-0.100049
0.018497
0.357555
0.019996
-0.561073
-0.034664
-0.011136
0.072537
0.081463
-0.032512
0.351762
0.457281
0.496945
0.256808
0.162261
0.461131
0.514113
-0.008254
-0.572506
-0.276707
-0.026441
0.359087
0.726967
-0.079245
-1.130511
-0.262225
-0.045960
0.030645
-0.007236
-0.054993
0.283737
0.344629
0.376229
0.077751
0.023783
0.604152
0.609547
-0.098935
-0.846815
-0.401087
0.170802
0.999242
1.495349
-0.061361
-1.716855
-0.773961
-0.015387
-0.027732
-0.012766
-0.113705
0.221899
0.238847
0.181729
-0.107622
-0.168720
0.548163
0.530876
-0.088898
-1.045055
-0.370304
0.393123
1.082500
1.524648
-0.067261
-1.750014
-0.757428
-0.022761
-0.084636
-0.052757
-0.079264
0.148504
0.190133
0.090256
-0.181296
-0.087158
0.430422
0.480406
-0.184654
-0.997337
-0.319132
0.493013
1.099559
1.411207
-0.105242
-1.653762
-0.954578
-0.049780
-0.123445
-0.020177
-0.049590
0.088058
0.081247
-0.112179
-0.155151
0.017095
0.214287
0.250339
-0.120706
-0.617105
-0.130331
0.299344
0.779533
0.804347
-0.110389
-1.209756
-0.887038
-0.081625
-0.138284
0.001424
-0.047002
0.100864
0.064810
-0.179462
0.076363
0.218310
0.144037
0.056071
-0.041551
-0.218851
0.031899
0.039632
0.348316
0.359239
-0.162507
-0.834870
-0.629865
-0.086298
-0.123309
-0.020127
-0.045930
0.046397
0.039934
-0.215992
0.308324
0.415795
0.110002
-0.128934
-0.076100
0.150513
0.158968
0.062477
0.650486
0.346219
-0.241435
-0.945386
-0.644169
-0.087228
-0.104842
-0.045949
-0.040173
-0.012795
-0.058736
-0.236622
0.312575
0.447842
0.048356
-0.200592
-0.058199
0.299238
0.071276
-0.031886
0.557751
0.378692
-0.262357
-0.988282
-0.690865
-0.096441
-0.130417
-0.049212
-0.030244
-0.047745
-0.082759
-0.228454
0.274316
0.537585
0.109314
-0.123583
0.080299
0.300873
0.047544
-0.121851
0.485831
0.369015
-0.234334
-1.011654
-0.583613
0.062697
-0.026906
-0.128027
-0.104567
-0.085028
-0.202368
-0.370747
0.013747
0.213561
-0.038177
-0.218322
-0.028448
0.136895
-0.153215
-0.386306
0.033728
0.284277
-0.223870
-0.811287
-0.289514
0.189709
-0.000006
-0.329393
-0.360402
0.095937
-0.207235
-0.508875
-0.004076
0.094813
-0.221503
-0.379848
-0.195373
-0.082239
-0.267053
-0.250187
-0.007086
0.053537
-0.190213
-0.347301
0.414280
0.486503
0.001466
-0.570609
-0.766486
0.204983
-0.022756
-0.289809
0.068645
0.113192
-0.130762
-0.192957
0.029900
0.073358
-0.016994
0.014633
0.068142
-0.041102
-0.121582
0.048814
0.528000
0.412628
-0.049797
-0.467738
-0.780450
0.136268
-0.026951
-0.370470
-0.066549
0.034659
-0.229282
-0.305447
-0.119851
-0.075250
-0.092520
-0.021600
0.038414
-0.077693
-0.121520
0.121387
0.514491
0.404692
-0.006497
-0.390937
-0.748552
-0.879770
-1.018893
-1.170275
-1.190238
-1.192364
-1.186442
-1.167616
-1.155292
-1.101426
-1.059087
-1.013006
-0.994244
-0.972848
-0.990653
-1.003014
-1.031383
-1.067075
-1.002878
-0.543179
-0.270885
-0.834821
-1.029166
-1.149126
-1.161274
-1.161175
-1.149530
-1.122155
-1.088738
-1.012834
-0.952003
-0.869099
-0.812855
-0.809699
-0.804142
-0.881024
-0.922368
-0.970882
-0.955645
-0.608632
-0.208320
-0.660077
-0.653908
-0.739267
-0.663422
-0.625323
-0.610144
-0.499698
-0.434474
-0.352327
-0.276820
-0.163811
-0.076339
-0.108457
-0.108778
-0.183954
-0.237725
-0.368012
-0.302978
-0.187151
0.021459
-0.680901
-0.717978
-0.659709
-0.595289
-0.519343
-0.505336
-0.403127
-0.315850
-0.197148
-0.073027
0.047567
0.151846
0.148074
0.139844
0.106089
0.006203
-0.160826
-0.180451
-0.062614
0.064273
-0.634210
-0.620459
-0.546514
-0.423270
-0.220095
-0.208783
-0.137893
-0.070325
0.022633
0.115222
0.141143
0.123580
0.069564
0.023205
0.000806
0.008002
-0.075550
-0.117243
-0.023006
0.101623
-0.534438
-0.474142
-0.406281
-0.253938
-0.029484
-0.005963
0.056653
0.137748
0.161683
0.120321
0.090235
0.096032
0.175593
0.219511
0.142285
0.117324
-0.025430
-0.041551
-0.028610
-0.035424
-0.464778
-0.326004
-0.225091
-0.039729
0.154391
0.148300
0.154190
0.215847
0.185739
0.209739
0.307427
0.633360
1.005626
1.193959
1.021683
0.701568
0.430023
0.201523
-0.059177
-0.044049
-0.417109
-0.251645
-0.077724
0.202392
0.233032
0.271300
0.463647
0.544955
0.499384
0.435908
0.724357
1.269424
1.935695
2.146081
1.807181
1.154978
0.676025
0.323420
0.022093
-0.032988
-0.294492
-0.108558
0.102178
0.241079
0.310906
0.431783
0.632557
0.667593
0.551305
0.488993
0.557472
0.901680
1.059786
1.123075
0.987006
0.667424
0.324733
0.164048
-0.008252
-0.037134
-0.200632
-0.020587
0.135133
0.263425
0.251961
0.268502
0.281276
0.289263
0.177511
0.065478
-0.066860
-0.170226
-0.148280
-0.185970
-0.213549
-0.099017
-0.025702
0.090391
0.025008
0.006445
-0.145365
0.066991
0.200716
0.102143
-0.025329
-0.188911
-0.365560
-0.362703
-0.467453
-0.461725
-0.576712
-1.078147
-1.788554
-1.956374
-1.732894
-1.069967
-0.428784
-0.040679
-0.028502
0.007659
-0.157735
0.060089
0.211758
0.139235
-0.029399
-0.162591
-0.260895
-0.323230
-0.370182
-0.353560
-0.518867
-0.840719
-1.184647
-1.336978
-1.226423
-0.792422
-0.307078
-0.072784
-0.076690
-0.027100
-0.186077
0.054759
0.299792
0.397912
0.387069
0.271327
0.176259
0.092189
0.107622
0.136658
0.060186
-0.100497
-0.475935
-0.844836
-0.755571
-0.602367
-0.356064
-0.127649
-0.040884
-0.037775
-0.176504
0.105191
0.413543
0.510148
0.394646
0.356552
0.209926
0.084915
0.050996
0.154362
0.145906
0.141601
0.187897
0.019673
-0.160530
-0.387704
-0.417182
-0.235296
-0.107248
-0.088063
-0.173173
0.013372
0.124702
0.011675
-0.028161
-0.093318
-0.185690
-0.215936
-0.184062
-0.095302
-0.075225
-0.107967
-0.199870
-0.301998
-0.357111
-0.415453
-0.440542
-0.318834
-0.214816
-0.198077
-0.202550
-0.131755
-0.177410
-0.359651
-0.467711
-0.443708
-0.381838
-0.338383
-0.340191
-0.264953
-0.184734
-0.280635
-0.377757
-0.455488
-0.460842
-0.363797
-0.272121
-0.071075
0.011222
0.014337
0.021128
0.129583
0.071593
0.010084
-0.282594
-0.318453
-0.182187
-0.157748
-0.150939
-0.198000
-0.206187
-0.146918
-0.296994
-0.355993
-0.141766
0.268189
0.584418
0.773367
0.712397
0.582894
0.325947
0.345952
0.393213
0.481759
0.326881
0.057829
-0.053637
-0.116348
-0.111827
-0.033407
-0.073614
0.073475
0.296961
0.432754
0.685731
1.049999
1.461411
1.730718
1.730440
1.366454
0.052349
0.176469
0.429396
0.447501
0.283598
0.099134
-0.005865
-0.051347
-0.152413
-0.089453
-0.014469
0.046829
0.123186
0.236213
0.334980
0.369934
0.374923
0.415678
0.480376
0.446521
-0.306365
-0.271937
-0.173686
-0.103761
-0.169430
-0.255161
-0.263538
-0.218472
-0.190311
-0.213679
-0.311699
-0.348470
-0.254788
-0.120234
-0.164325
-0.324220
-0.493418
-0.566570
-0.506415
-0.359622
-0.308347
0.092167
0.504714
0.531801
0.505703
0.468172
0.424457
0.421111
0.384497
0.342294
0.306934
0.260253
0.238163
0.220565
0.232599
0.289691
0.313235
0.299540
-0.039382
-0.352399
-0.008377
0.542534
0.988969
0.963522
0.957464
0.882114
0.814482
0.778608
0.715768
0.623685
0.546186
0.459346
0.428659
0.399418
0.445049
0.512943
0.585796
0.593203
0.252399
-0.237292
-0.130568
0.361881
0.877421
0.825113
0.770329
0.668810
0.505939
0.388702
0.271106
0.158297
0.021642
-0.112578
-0.151789
-0.171627
-0.134867
-0.053906
0.166223
0.239259
0.094760
-0.297004
-0.232389
0.209646
0.663408
0.585876
0.467722
0.317449
0.114825
-0.066467
-0.203644
-0.421643
-0.622629
-0.776361
-0.896112
-0.933680
-0.881334
-0.693467
-0.388294
-0.205418
-0.301631
-0.489781
-0.295029
0.124001
0.510840
0.312768
0.043393
-0.203464
-0.428612
-0.594930
-0.859403
-1.060086
-1.256024
-1.388614
-1.572716
-1.602190
-1.539373
-1.408457
-1.081432
-0.781103
-0.693499
-0.776525
-0.370012
-0.014823
0.320249
0.058901
-0.275333
-0.586175
-0.867945
-1.144794
-1.414834
-1.566697
-1.734171
-1.809113
-1.874521
-1.888176
-1.891028
-1.800116
-1.558636
-1.164133
-0.945777
-0.961579
-0.440854
-0.213419
0.004639
-0.286542
-0.696352
-1.089453
-1.371081
-1.601876
-1.786781
-1.888730
-2.021462
-2.096489
-2.120305
-2.137375
-2.154137
-2.064254
-1.866260
-1.491356
-1.182765
-1.152792
-0.526557
-0.320727
-0.217541
-0.618890
-1.074260
-1.430376
-1.634228
-1.723005
-1.824085
-2.003795
-2.195848
-2.195831
-2.192387
-2.195046
-2.250819
-2.190375
-2.030694
-1.630490
-1.309304
-1.228638
-0.672781
-0.568921
-0.436821
-0.937605
-1.485903
-1.709034
-1.802420
-1.837711
-1.877378
-2.117142
-2.267108
-2.266476
-2.249156
-2.214433
-2.253998
-2.142907
-2.087234
-1.709836
-1.426551
-1.259783
-0.742660
-0.692447
-0.686369
-1.311153
-1.847345
-1.926834
-1.904294
-1.892640
-1.954190
-2.186590
-2.343406
-2.345127
-2.255549
-2.220049
-2.269995
-2.194135
-2.108521
-1.754837
-1.472849
-1.312763
-0.861396
-0.869769
-1.022683
-1.662472
-2.043777
-2.052438
-1.972815
-1.967896
-2.021759
-2.229737
-2.361261
-2.310203
-2.201326
-2.188779
-2.219444
-2.144531
-2.096877
-1.780898
-1.526482
-1.371234
-0.935573
-1.046472
-1.332446
-1.924401
-2.169231
-2.155431
-2.050212
-2.042849
-2.108402
-2.233984
-2.317791
-2.264543
-2.106605
-2.128317
-2.148527
-2.141840
-2.080901
-1.805195
-1.569024
-1.391991
-1.058345
-1.222933
-1.579295
-2.071225
-2.231089
-2.234945
-2.144414
-2.112422
-2.184754
-2.224564
-2.249307
-2.184916
-2.094304
-2.051260
-2.085861
-2.110379
-2.041380
-1.803691
-1.631538
-1.417376
-1.126190
-1.322686
-1.763420
-2.145161
-2.264718
-2.230643
-2.159878
-2.121829
-2.176578
-2.177035
-2.112654
-1.938733
-1.875282
-1.828406
-1.847358
-2.005480
-1.995242
-1.851411
-1.660102
-1.472727
-1.212873
-1.385221
-1.789840
-2.117997
-2.208601
-2.130973
-2.039721
-1.992147
-2.052484
-2.023398
-1.942735
-1.768797
-1.736859
-1.693350
-1.708901
-1.911407
-1.946428
-1.837057
-1.721482
-1.562985
-1.198794
-1.408650
-1.704185
-1.985232
-2.035247
-1.978055
-1.844022
-1.808200
-1.882455
-1.895996
-1.795946
-1.666058
-1.665028
-1.604380
-1.639382
-1.816783
-1.864110
-1.771316
-1.662635
-1.546569
-1.104671
-1.282207
-1.516208
-1.688688
-1.720221
-1.626786
-1.495778
-1.453737
-1.560112
-1.642913
-1.608907
-1.500925
-1.513158
-1.549132
-1.560063
-1.665190
-1.696051
-1.580736
-1.490626
-1.425518
-1.043061
-1.161874
-1.235375
-1.391722
-1.404064
-1.324582
-1.229256
-1.210339
-1.298276
-1.339690
-1.443208
-1.467766
-1.453830
-1.440793
-1.439237
-1.423575
-1.363093
-1.254981
-1.222794
-1.250049
-1.132817
-1.286293
-1.338630
-1.341087
-1.299825
-1.253744
-1.153528
-1.219802
-1.300169
-1.309582
-1.410120
-1.468755
-1.462503
-1.391524
-1.374294
-1.225103
-1.173167
-1.147122
-1.181702
-1.176127
-1.166931
-1.224680
-1.196627
-1.240023
-1.296396
-1.191323
-1.144965
-1.205544
-1.230952
-1.230856
-1.360195
-1.414314
-1.351452
-1.282426
-1.256560
-1.172056
-1.088625
-1.060134
-1.083264
-1.112089
0.239681
0.572621
0.914455
0.948384
0.930445
0.895060
0.856846
0.849454
0.810977
0.765912
0.725232
0.679265
0.650944
0.643178
0.658353
0.711362
0.722843
0.690148
0.290279
-0.031627
0.550260
1.021893
1.370909
1.352070
1.341789
1.275717
1.211100
1.172331
1.106454
1.016919
0.934809
0.852750
0.826236
0.808889
0.860924
0.928993
0.995001
0.985194
0.586343
0.085946
0.465199
0.887798
1.336902
1.274448
1.206362
1.105197
0.942303
0.825357
0.714534
0.610542
0.485580
0.370650
0.343201
0.333932
0.375269
0.453645
0.683274
0.719214
0.496710
0.086436
0.369978
0.758208
1.137061
1.058414
0.933361
0.783024
0.590763
0.414749
0.275170
0.083360
-0.085510
-0.210953
-0.277473
-0.296506
-0.236694
-0.059255
0.194411
0.331949
0.159801
-0.084258
0.296524
0.652879
0.962102
0.770421
0.497792
0.276215
0.064079
-0.088313
-0.315925
-0.456649
-0.620927
-0.755973
-0.909289
-0.917073
-0.842635
-0.717432
-0.442294
-0.210302
-0.227418
-0.352818
0.212094
0.509779
0.746092
0.498354
0.148452
-0.128111
-0.412653
-0.675409
-0.866875
-0.969105
-1.067670
-1.139627
-1.205664
-1.198187
-1.192363
-1.095323
-0.891902
-0.599108
-0.525643
-0.568032
0.130099
0.296447
0.431279
0.125965
-0.270123
-0.611295
-0.924134
-1.128608
-1.278245
-1.357237
-1.440174
-1.475960
-1.541147
-1.567190
-1.559700
-1.435947
-1.207867
-0.960028
-0.775612
-0.754925
0.039808
0.184226
0.202589
-0.226544
-0.579957
-0.977317
-1.262807
-1.350234
-1.415839
-1.477261
-1.547914
-1.547065
-1.543899
-1.543732
-1.545780
-1.531325
-1.306247
-1.056122
-0.906907
-0.844840
-0.113295
-0.074195
-0.028513
-0.466541
-0.927862
-1.247203
-1.440259
-1.499141
-1.519349
-1.552908
-1.511106
-1.456288
-1.459568
-1.443142
-1.468701
-1.366526
-1.277813
-1.088540
-1.003171
-0.903151
-0.200315
-0.221044
-0.273491
-0.776885
-1.264795
-1.394000
-1.479915
-1.488156
-1.541549
-1.557104
-1.544120
-1.497972
-1.449547
-1.454569
-1.458995
-1.385694
-1.226535
-1.085088
-1.003327
-0.913595
-0.359766
-0.408711
-0.562571
-1.018450
-1.362198
-1.457902
-1.531134
-1.536111
-1.552295
-1.529640
-1.463140
-1.403411
-1.378385
-1.378542
-1.376207
-1.307721
-1.225445
-1.116697
-1.027837
-0.961598
-0.473898
-0.576280
-0.792500
-1.153613
-1.428084
-1.549464
-1.618160
-1.664929
-1.625037
-1.550237
-1.476299
-1.465872
-1.471774
-1.530677
-1.545790
-1.447818
-1.329553
-1.191401
-1.077739
-1.000790
-0.623114
-0.766938
-1.025185
-1.358449
-1.597393
-1.706412
-1.755224
-1.753561
-1.728432
-1.664303
-1.606079
-1.543146
-1.570564
-1.514138
-1.476310
-1.440649
-1.338129
-1.215054
-1.161836
-1.060384
-0.713078
-0.869964
-1.214762
-1.529342
-1.736727
-1.776218
-1.740925
-1.720108
-1.679993
-1.686359
-1.653944
-1.548015
-1.403606
-1.308230
-1.308069
-1.339353
-1.343324
-1.283765
-1.228988
-1.135500
-0.819877
-0.964376
-1.253996
-1.525677
-1.704243
-1.701038
-1.662117
-1.603947
-1.567528
-1.560699
-1.546499
-1.474085
-1.378327
-1.322139
-1.281180
-1.306579
-1.355723
-1.321096
-1.319613
-1.244990
-0.831673
-0.970494
-1.170691
-1.359412
-1.453400
-1.466051
-1.433326
-1.392911
-1.337858
-1.339245
-1.333564
-1.349856
-1.343212
-1.298702
-1.290692
-1.314549
-1.328162
-1.346145
-1.354415
-1.300526
-0.811995
-0.886888
-1.023320
-1.115941
-1.135026
-1.093571
-1.039514
-1.050353
-1.074288
-1.123797
-1.096977
-1.099272
-1.145060
-1.209506
-1.244235
-1.285071
-1.355524
-1.404747
-1.381524
-1.303462
-0.806450
-0.910050
-0.958658
-1.033782
-0.998368
-0.898954
-0.849508
-0.861396
-0.921504
-0.893107
-0.948821
-0.984290
-1.018827
-1.101206
-1.176056
-1.204976
-1.254974
-1.312274
-1.332267
-1.270896
-0.973788
-1.132025
-1.168398
-1.188056
-1.087629
-0.978263
-0.882056
-0.897883
-0.929151
-0.915823
-0.937311
-0.961382
-1.033315
-1.109658
-1.173000
-1.172920
-1.190622
-1.248879
-1.275555
-1.237908
-1.070013
-1.143260
-1.157190
-1.170694
-1.117377
-0.978224
-0.888395
-0.866998
-0.826116
-0.836298
-0.911895
-0.971545
-1.027473
-1.072011
-1.109309
-1.156011
-1.167768
-1.183902
-1.172394
-1.128227
0.073627
0.130042
0.107583
0.137999
0.120570
0.118648
0.118788
0.118056
0.120668
0.131463
0.137153
0.147073
0.163538
0.148282
0.138906
0.121699
0.123413
0.134894
0.157291
0.251906
0.047120
0.088455
0.135803
0.207019
0.221313
0.190540
0.171445
0.170307
0.173550
0.180249
0.169172
0.178706
0.200962
0.195169
0.183667
0.171629
0.142948
0.170498
0.250097
0.330561
0.032337
0.059248
0.090439
0.158990
0.134023
0.134722
0.151281
0.189651
0.214765
0.203139
0.201576
0.211722
0.174077
0.182048
0.200730
0.161673
0.083133
0.096126
0.169665
0.280141
0.050945
0.075740
0.089151
0.133830
0.159867
0.168580
0.186997
0.252728
0.265738
0.250935
0.235549
0.247077
0.256917
0.290328
0.251204
0.238727
0.154291
0.097593
0.125659
0.258448
0.037507
0.042804
0.063801
0.111278
0.146996
0.095227
0.109605
0.135952
0.187884
0.241452
0.267344
0.267505
0.245351
0.274988
0.238813
0.224585
0.195926
0.103867
0.129400
0.306266
0.055692
0.056799
0.089718
0.146088
0.156748
0.091399
0.098546
0.164801
0.238652
0.286240
0.280268
0.269509
0.208752
0.144690
0.140864
0.168877
0.277277
0.186303
0.125265
0.277508
0.075103
0.073389
0.101328
0.134464
0.134077
0.107465
0.094679
0.120960
0.169972
0.192549
0.261220
0.074547
0.039143
0.033503
0.012874
0.047827
0.230169
0.250455
0.161407
0.247174
0.096965
0.090111
0.127154
0.167031
0.175328
0.128294
0.088406
0.079537
0.101946
0.076802
0.070681
0.020265
0.001691
0.000979
0.000579
0.007771
0.134435
0.262543
0.202735
0.203882
0.132542
0.129703
0.151264
0.134975
0.311578
0.211155
0.097531
0.089298
0.118643
0.103991
0.071020
0.010394
0.000178
0.000023
0.000054
0.000571
0.022996
0.259182
0.227948
0.191146
0.143603
0.205185
0.228359
0.189323
0.273676
0.139218
0.036566
0.031369
0.073674
0.103243
0.015967
0.001834
0.000040
0.000007
0.000014
0.000172
0.011933
0.185751
0.222596
0.239359
0.180273
0.312356
0.353040
0.242869
0.204474
0.162221
0.064623
0.030143
0.045700
0.085625
0.050110
0.020864
0.000772
0.000032
0.000059
0.000713
0.012812
0.175879
0.270918
0.196136
0.183513
0.375855
0.366572
0.240327
0.196583
0.114636
0.058961
0.098721
0.142067
0.146150
0.076731
0.053784
0.038554
0.004019
0.001791
0.022164
0.056943
0.245432
0.250150
0.183997
0.202571
0.306439
0.317593
0.434583
0.508798
0.273025
0.235487
0.383033
0.358929
0.407275
0.525814
0.292431
0.111754
0.214267
0.036345
0.068945
0.146487
0.335456
0.239782
0.187079
0.244251
0.337098
0.369716
0.519853
0.505352
0.425704
0.601362
0.620793
0.605702
0.599523
0.656748
0.656344
0.194760
0.369313
0.313341
0.104074
0.171201
0.312449
0.233442
0.198691
0.250634
0.349785
0.301738
0.521498
0.588710
0.698894
0.899615
0.841733
0.849378
0.708276
0.711045
0.472499
0.474414
0.775939
0.691027
0.257301
0.147053
0.328580
0.236408
0.185959
0.239091
0.310748
0.169534
0.238992
0.515613
0.684260
0.833296
0.808264
0.842023
0.789006
0.586956
0.430302
0.325916
0.583038
0.633987
0.375776
0.359189
0.553485
0.210890
0.177872
0.249208
0.217503
0.141270
0.132544
0.304143
0.614786
0.615024
0.581903
0.555030
0.642405
0.522203
0.232402
0.230253
0.358595
0.341137
0.241451
0.263548
0.350804
0.252381
0.207807
0.247886
0.276384
0.421364
0.436533
0.495909
0.729068
0.527584
0.445670
0.314293
0.328761
0.319035
0.079699
0.157513
0.286860
0.342212
0.321613
0.359393
0.502918
0.369984
0.275481
0.266898
0.449818
0.497645
0.600620
0.506178
0.499151
0.253876
0.161126
0.093371
0.193840
0.145497
0.127731
0.096889
0.093472
0.083202
0.052250
0.030329
0.051033
0.033338
0.154674
0.240692
0.328672
0.329507
0.385450
0.306027
0.256173
0.144974
0.093989
0.094816
0.117696
0.137623
0.147114
0.126909
0.106753
0.082909
0.043672
0.015255
0.014387
0.023109
0.095214
0.223554
0.178427
0.226347
0.203502
0.198580
0.198672
0.186434
0.194229
0.195361
0.192115
0.180425
0.181199
0.174860
0.184914
0.190544
0.208756
0.222011
0.197622
0.163571
0.187059
0.180573
0.104572
0.184540
0.159824
0.151736
0.141341
0.129063
0.123561
0.114422
0.110279
0.107472
0.117917
0.118484
0.124592
0.127421
0.144727
0.179895
0.161742
0.148952
0.159794
0.304048
0.174504
0.298444
0.256595
0.237737
0.245337
0.209596
0.187923
0.186483
0.196027
0.184936
0.193942
0.193912
0.174763
0.179636
0.231324
0.259764
0.252154
0.290899
0.201778
0.311009
0.195167
0.337066
0.316531
0.273738
0.273417
0.252885
0.227516
0.198366
0.193701
0.200688
0.169896
0.169738
0.165137
0.167079
0.172081
0.212427
0.240017
0.285625
0.241555
0.300610
0.176471
0.351038
0.329102
0.278495
0.265511
0.241806
0.232305
0.189997
0.191422
0.209232
0.176073
0.157779
0.139930
0.125710
0.120796
0.170451
0.242945
0.296590
0.216390
0.316326
0.188453
0.338627
0.344273
0.268929
0.243540
0.210377
0.178602
0.115921
0.123895
0.103010
0.086077
0.084998
0.057903
0.039730
0.058588
0.116615
0.183879
0.253817
0.193032
0.295311
0.210212
0.364054
0.340477
0.297348
0.252553
0.258560
0.266137
0.151442
0.109897
0.116498
0.085358
0.032037
0.025576
0.012459
0.041624
0.148399
0.181482
0.263095
0.235007
0.270034
0.226368
0.388632
0.338558
0.291937
0.249564
0.237037
0.181967
0.098137
0.116663
0.167747
0.035773
0.005026
0.003880
0.003900
0.038107
0.179898
0.218327
0.241578
0.191993
0.233915
0.205652
0.343792
0.398798
0.233190
0.240387
0.265624
0.150407
0.082876
0.127179
0.149164
0.011994
0.000556
0.000538
0.000969
0.017442
0.200181
0.221885
0.206758
0.162936
0.250808
0.181463
0.258952
0.343011
0.239078
0.121632
0.040139
0.041799
0.048104
0.110811
0.057080
0.013928
0.000658
0.000548
0.001928
0.014625
0.193347
0.264194
0.197059
0.160514
0.235357
0.151690
0.195145
0.280309
0.200391
0.106246
0.035487
0.019681
0.055530
0.082145
0.132283
0.102528
0.005032
0.001910
0.006134
0.041596
0.219330
0.258643
0.173812
0.158606
0.228501
0.151488
0.113911
0.137702
0.115690
0.093440
0.048880
0.042854
0.095707
0.127950
0.182873
0.243181
0.190446
0.099200
0.134759
0.252634
0.245856
0.212642
0.209412
0.151018
0.215844
0.165255
0.157401
0.080228
0.063880
0.094239
0.123723
0.089440
0.198136
0.228136
0.182733
0.255261
0.516705
0.565547
0.442771
0.371623
0.229068
0.149501
0.219258
0.171581
0.203225
0.141130
0.105271
0.085301
0.088725
0.104603
0.107385
0.112771
0.225036
0.224180
0.189082
0.231394
0.546808
0.305859
0.376087
0.313492
0.225975
0.175224
0.195566
0.180460
0.180841
0.142825
0.233753
0.261630
0.282050
0.206387
0.072538
0.112078
0.103508
0.166561
0.106738
0.209778
0.202211
0.065818
0.091958
0.201675
0.262501
0.190067
0.188157
0.156566
0.161356
0.171778
0.426627
0.575243
0.414190
0.268552
0.132295
0.139615
0.124510
0.117639
0.107590
0.138764
0.147564
0.065043
0.112018
0.182099
0.169123
0.091802
0.163313
0.131995
0.137701
0.162887
0.235035
0.583144
0.611052
0.321000
0.294861
0.300254
0.282647
0.126427
0.119898
0.229917
0.124102
0.051994
0.165037
0.259166
0.191629
0.102302
0.060471
0.062786
0.173613
0.207427
0.166229
0.221992
0.360428
0.161095
0.217104
0.193204
0.200699
0.144205
0.118833
0.143646
0.107241
0.086661
0.093267
0.077412
0.049738
0.014850
0.020845
0.050666
0.143825
0.147048
0.110065
0.085254
0.181426
0.127162
0.147295
0.172798
0.246992
0.184411
0.144665
0.117687
0.108628
0.047194
0.045119
0.022962
0.006975
0.003583
0.005979
0.026641
0.182407
0.256237
0.335751
0.331650
0.297053
0.169992
0.127928
0.185412
0.268519
0.301356
0.263425
0.247887
0.154747
0.092654
0.057649
0.026556
0.009930
0.005998
0.013040
0.051385
0.191080
0.201417
0.197399
0.172673
0.170068
0.167367
0.168013
0.166691
0.165412
0.167063
0.170200
0.178759
0.187262
0.191347
0.186898
0.202406
0.193591
0.192864
0.146872
0.110895
0.091727
0.088110
0.068045
0.064175
0.062699
0.062913
0.064104
0.063050
0.063446
0.062152
0.060962
0.066539
0.074108
0.071748
0.072748
0.074684
0.076825
0.083174
0.095116
0.081663
0.105052
0.104804
0.098314
0.095447
0.085663
0.084006
0.097512
0.102215
0.102920
0.094320
0.098754
0.100653
0.104765
0.112153
0.120210
0.121959
0.109553
0.108271
0.091394
0.086513
0.106576
0.124345
0.085767
0.074884
0.069339
0.073124
0.086232
0.096512
0.103801
0.105375
0.119247
0.150236
0.155165
0.145522
0.147159
0.151704
0.131051
0.101682
0.093019
0.078720
0.100146
0.089483
0.075045
0.060648
0.054788
0.049236
0.066598
0.087819
0.091618
0.098103
0.117877
0.161798
0.199562
0.217241
0.188631
0.173489
0.145060
0.109243
0.098049
0.096853
0.107264
0.095934
0.098268
0.085585
0.080476
0.081920
0.125811
0.178790
0.228580
0.231682
0.242429
0.325984
0.360927
0.362119
0.279744
0.252805
0.231145
0.186318
0.149813
0.140884
0.110586
0.096435
0.081290
0.072558
0.063597
0.082922
0.130512
0.148770
0.202835
0.223148
0.277543
0.553342
0.731288
0.765401
0.567544
0.383995
0.211675
0.183047
0.140332
0.111404
0.123833
0.100545
0.079372
0.091801
0.082783
0.148414
0.154473
0.123621
0.185271
0.317924
0.478626
0.851976
0.963333
0.975612
0.884618
0.731227
0.371075
0.151849
0.144088
0.138000
0.144652
0.121127
0.087065
0.083622
0.097056
0.140938
0.081374
0.091314
0.131857
0.301980
0.576923
0.938623
0.993899
0.997381
0.993521
0.940310
0.563445
0.180793
0.165042
0.163831
0.147441
0.144037
0.145609
0.131542
0.161977
0.203851
0.086137
0.067179
0.114503
0.346119
0.744327
0.935556
0.992308
0.998056
0.992903
0.935268
0.607738
0.255324
0.170500
0.167700
0.169379
0.148550
0.137083
0.156812
0.198111
0.176171
0.074437
0.068890
0.170663
0.458962
0.546853
0.722715
0.979393
0.994978
0.985056
0.910931
0.596768
0.284902
0.157218
0.179327
0.171648
0.156289
0.185238
0.281138
0.325082
0.307797
0.192887
0.175611
0.235375
0.408266
0.461120
0.481550
0.736688
0.882951
0.826599
0.617231
0.441907
0.239749
0.146622
0.169676
0.174133
0.153327
0.176575
0.249147
0.234375
0.281774
0.244874
0.181219
0.240625
0.199126
0.147481
0.183542
0.196262
0.187101
0.430090
0.375036
0.315220
0.182133
0.164843
0.166870
0.168304
0.150735
0.182936
0.192566
0.232782
0.242361
0.140743
0.119792
0.086525
0.080862
0.065105
0.044100
0.101708
0.151258
0.200439
0.331336
0.282254
0.216001
0.196398
0.167774
0.168756
0.141682
0.143397
0.084097
0.039944
0.026932
0.005442
0.009025
0.015220
0.054183
0.090344
0.152172
0.127639
0.060519
0.070132
0.244140
0.263982
0.187520
0.194764
0.218288
0.174327
0.138625
0.103858
0.037747
0.015005
0.008737
0.005451
0.007817
0.012082
0.045998
0.133360
0.149072
0.208818
0.105689
0.101307
0.151148
0.149113
0.152090
0.287618
0.337073
0.132133
0.193411
0.258051
0.087800
0.024805
0.013405
0.016096
0.023301
0.059112
0.107753
0.150322
0.130628
0.140261
0.112862
0.158173
0.117627
0.147444
0.227908
0.309205
0.373308
0.154479
0.126872
0.203308
0.149323
0.055096
0.031103
0.083033
0.132193
0.216151
0.228234
0.281088
0.210542
0.101099
0.121808
0.148258
0.088895
0.083790
0.056425
0.098402
0.209071
0.156423
0.085725
0.131890
0.125240
0.102492
0.099678
0.126715
0.152763
0.235293
0.255754
0.256238
0.161596
0.144272
0.087352
0.072590
0.034019
0.008438
0.008289
0.010679
0.080492
0.142011
0.076789
0.055656
0.054165
0.067803
0.070866
0.068800
0.078248
0.119059
0.134645
0.130750
0.131007
0.087354
0.073419
0.055368
0.028399
0.010876
0.007132
0.014931
0.093299
0.161682
0.159800
0.124791
0.141993
0.146215
0.154725
0.165816
0.167799
0.169707
0.171105
0.170703
0.157898
0.148005
0.144638
0.148685
0.140506
0.134587
0.141474
0.156916
0.134421
0.191544
0.238149
0.177139
0.190075
0.185897
0.206993
0.224558
0.233175
0.236149
0.240286
0.253460
0.244472
0.223835
0.229566
0.226475
0.211593
0.187306
0.171470
0.146623
0.126383
0.093000
0.189611
0.075051
0.094090
0.102911
0.100359
0.118137
0.128002
0.128638
0.125023
0.121104
0.119469
0.123651
0.126151
0.122441
0.108297
0.114396
0.107108
0.077813
0.106190
0.108412
0.173256
0.076768
0.088843
0.102187
0.096005
0.111167
0.111983
0.119507
0.124832
0.125924
0.140656
0.137692
0.119179
0.130758
0.126734
0.142415
0.144343
0.096177
0.097869
0.094988
0.174072
0.062196
0.078272
0.102094
0.115340
0.136371
0.151396
0.163182
0.142952
0.122079
0.130876
0.131114
0.131164
0.174330
0.178502
0.145891
0.133753
0.092317
0.094866
0.102700
0.182963
0.047525
0.049085
0.083829
0.104128
0.137038
0.137987
0.139592
0.121217
0.134762
0.125776
0.144874
0.252309
0.330955
0.297049
0.141173
0.113774
0.097177
0.107808
0.110252
0.179798
0.056945
0.067334
0.082565
0.107937
0.105855
0.126077
0.211191
0.212194
0.154312
0.164162
0.142237
0.141117
0.351427
0.364136
0.186628
0.114615
0.107437
0.119179
0.106592
0.162620
0.052121
0.074425
0.091499
0.099787
0.114160
0.216269
0.303720
0.245093
0.143420
0.072216
0.027252
0.018093
0.106115
0.176855
0.158397
0.101768
0.106353
0.146387
0.108126
0.176374
0.068547
0.070534
0.093280
0.084086
0.137895
0.261863
0.275998
0.206280
0.114174
0.034211
0.005216
0.002018
0.005348
0.036858
0.115583
0.078522
0.111115
0.165133
0.109832
0.155145
0.070572
0.062825
0.085724
0.136507
0.154035
0.230689
0.295235
0.195486
0.099736
0.040892
0.006868
0.001372
0.005051
0.045840
0.103800
0.061266
0.116597
0.148299
0.108020
0.145670
0.075493
0.076881
0.073951
0.118284
0.145207
0.183235
0.216659
0.165129
0.153195
0.118861
0.014083
0.002959
0.008428
0.040412
0.084271
0.064055
0.126617
0.155372
0.102899
0.105003
0.083628
0.088955
0.078278
0.090919
0.138220
0.161015
0.170994
0.129604
0.147586
0.141172
0.024937
0.010898
0.030474
0.066396
0.109714
0.074266
0.114916
0.171474
0.107981
0.129629
0.086108
0.059214
0.042716
0.062251
0.075726
0.085204
0.053431
0.048021
0.054659
0.117387
0.076142
0.012482
0.052174
0.086189
0.103242
0.082666
0.093574
0.156578
0.096352
0.115137
0.085666
0.055142
0.050896
0.067013
0.038984
0.040119
0.019357
0.027669
0.026798
0.018917
0.034762
0.045559
0.037588
0.108797
0.094950
0.072657
0.102271
0.141759
0.100740
0.110153
0.062443
0.024976
0.022914
0.020765
0.005694
0.008820
0.006379
0.018827
0.025320
0.036420
0.034295
0.024069
0.026531
0.092817
0.100475
0.075299
0.118600
0.156784
0.096642
0.101181
0.056927
0.032646
0.012497
0.010353
0.007112
0.009943
0.003827
0.010016
0.052361
0.092649
0.103623
0.084571
0.036273
0.060827
0.086734
0.059212
0.127807
0.155474
0.121039
0.125665
0.058031
0.031747
0.008090
0.008552
0.015020
0.017667
0.017816
0.029510
0.069714
0.126666
0.255181
0.250950
0.113545
0.087009
0.103048
0.118556
0.174038
0.181718
0.101196
0.114788
0.036666
0.022305
0.011661
0.011199
0.026237
0.046067
0.055809
0.065576
0.085546
0.213552
0.267284
0.227345
0.155545
0.077702
0.054781
0.105094
0.220094
0.242522
0.119931
0.080341
0.044378
0.038640
0.045217
0.051525
0.072831
0.119840
0.090994
0.088590
0.161601
0.227728
0.254868
0.334072
0.222628
0.158646
0.090280
0.127460
0.143024
0.222158
0.129977
0.115365
0.087915
0.062866
0.091215
0.135174
0.201477
0.173108
0.138566
0.115867
0.154734
0.187537
0.268382
0.275216
0.186651
0.109903
0.092383
0.071738
0.157945
0.245685
0.227415
0.224075
0.183896
0.164785
0.160752
0.161251
0.169077
0.163446
0.165362
0.158179
0.163470
0.159411
0.159320
0.167564
0.176266
0.172485
0.186576
0.186731
0.192515
0.133961
0.386092
0.398114
0.295883
0.240209
0.227968
0.244473
0.260406
0.262633
0.268589
0.251585
0.247249
0.233343
0.227830
0.234737
0.255903
0.264592
0.272934
0.263193
0.193070
0.144355
0.356911
0.349027
0.231096
0.186745
0.193276
0.188902
0.204831
0.199461
0.182534
0.178794
0.183951
0.175805
0.195308
0.206075
0.184235
0.181718
0.222558
0.225054
0.167940
0.142549
0.311386
0.306157
0.217611
0.166924
0.135366
0.133598
0.134811
0.119934
0.120561
0.125143
0.120732
0.119074
0.116138
0.114270
0.143234
0.133600
0.170210
0.186129
0.135743
0.112789
0.346322
0.382257
0.230789
0.164591
0.134822
0.161886
0.179909
0.170204
0.161125
0.139959
0.113149
0.108174
0.108214
0.096505
0.132487
0.159346
0.164455
0.175588
0.124385
0.099811
0.295209
0.345363
0.193120
0.139938
0.142138
0.164645
0.156449
0.134126
0.106481
0.083708
0.095100
0.069196
0.077401
0.099314
0.131756
0.126431
0.115827
0.136020
0.138496
0.114953
0.280076
0.309355
0.152846
0.132204
0.145209
0.156976
0.132421
0.116993
0.141748
0.136977
0.104144
0.056032
0.022361
0.020598
0.040487
0.097852
0.116632
0.135106
0.151304
0.132082
0.269899
0.283442
0.117053
0.120428
0.113017
0.112645
0.113527
0.188324
0.195722
0.163793
0.094654
0.009052
0.001446
0.000765
0.002889
0.023607
0.069591
0.135567
0.137578
0.148082
0.254520
0.246929
0.132410
0.115228
0.105398
0.116673
0.156591
0.246095
0.219731
0.182159
0.056144
0.002143
0.000064
0.000021
0.000063
0.002207
0.052644
0.134073
0.128223
0.159471
0.221349
0.195312
0.121964
0.112878
0.080752
0.192095
0.407529
0.435771
0.327196
0.167102
0.044497
0.002655
0.000039
0.000007
0.000051
0.001861
0.050998
0.133341
0.132000
0.128860
0.190714
0.143711
0.098379
0.112417
0.144228
0.287550
0.492511
0.525701
0.363051
0.132511
0.046790
0.005884
0.000166
0.000039
0.000131
0.003573
0.054401
0.117640
0.113534
0.146567
0.185605
0.105329
0.118386
0.123910
0.154601
0.273398
0.470850
0.440781
0.240559
0.100585
0.055331
0.029278
0.003610
0.001316
0.003113
0.025225
0.083778
0.118702
0.116794
0.154838
0.169934
0.115735
0.129351
0.105649
0.092448
0.200670
0.226644
0.187319
0.094468
0.059604
0.037455
0.055082
0.040198
0.010523
0.020361
0.057327
0.101775
0.117964
0.119149
0.154645
0.142129
0.111241
0.131256
0.071048
0.055530
0.088965
0.048899
0.040928
0.022796
0.024050
0.020408
0.018127
0.051107
0.054918
0.035470
0.073056
0.103931
0.103614
0.123033
0.147957
0.137839
0.103088
0.125282
0.037125
0.018141
0.015214
0.003578
0.005561
0.007087
0.016131
0.023753
0.051323
0.058156
0.028343
0.041228
0.096421
0.107085
0.097547
0.121671
0.127030
0.158456
0.086507
0.075039
0.026814
0.008874
0.006107
0.004030
0.006798
0.005227
0.012724
0.044083
0.106833
0.114584
0.081232
0.050713
0.115788
0.104177
0.067418
0.090855
0.081563
0.161105
0.122778
0.142281
0.063234
0.016450
0.013444
0.019191
0.026644
0.037244
0.048050
0.075792
0.191345
0.169830
0.112379
0.095056
0.092777
0.094844
0.083376
0.109069
0.098013
0.161236
0.119023
0.091113
0.093471
0.029876
0.030585
0.081140
0.096262
0.122985
0.161370
0.130970
0.268981
0.295961
0.202069
0.116117
0.129239
0.076412
0.073576
0.101307
0.127656
0.142873
0.096784
0.113441
0.075788
0.085888
0.122074
0.202546
0.219957
0.207337
0.175097
0.201184
0.275163
0.310743
0.300560
0.199193
0.110554
0.081084
0.134167
0.222821
0.207979
0.126950
0.090891
0.070807
0.066866
0.101296
0.140303
0.173511
0.186494
0.191377
0.137075
0.137205
0.139044
0.186527
0.187890
0.099995
0.052475
0.064684
0.076697
0.157228
0.224611
0.122641
0.106239
0.159983
0.179048
0.203814
0.199337
0.191872
0.189779
0.183489
0.180074
0.178049
0.175660
0.167015
0.163254
0.158699
0.154147
0.139822
0.146415
0.182836
0.181759
0.102944
0.082601
0.138589
0.138698
0.150387
0.153740
0.150424
0.147274
0.143843
0.155449
0.161684
0.159023
0.154780
0.144189
0.133787
0.132775
0.140093
0.149924
0.166143
0.157243
0.108651
0.122805
0.206656
0.208132
0.246390
0.246673
0.218643
0.192749
0.184660
0.202696
0.209678
0.198409
0.208286
0.198811
0.192748
0.195029
0.210595
0.211287
0.202289
0.182829
0.111671
0.125335
0.193635
0.218988
0.259503
0.255277
0.227908
0.191327
0.192027
0.200014
0.197859
0.173062
0.164349
0.165564
0.160566
0.177154
0.189605
0.230237
0.263778
0.210618
0.120427
0.134913
0.217132
0.256109
0.282805
0.312801
0.265710
0.222324
0.206194
0.186111
0.170319
0.155575
0.157980
0.140172
0.140030
0.143282
0.178217
0.234605
0.259260
0.185814
0.122809
0.130488
0.232741
0.235031
0.267879
0.314368
0.271779
0.205694
0.170774
0.153258
0.144431
0.123458
0.123047
0.083665
0.076951
0.096252
0.117963
0.193706
0.235432
0.165816
0.128671
0.130810
0.243538
0.252964
0.277204
0.292148
0.277973
0.221063
0.122812
0.125235
0.086283
0.066560
0.032934
0.013805
0.015209
0.064567
0.106498
0.135295
0.176426
0.155154
0.132677
0.136913
0.235668
0.207759
0.245435
0.261296
0.292396
0.210283
0.115203
0.079726
0.044873
0.010718
0.001252
0.000672
0.001899
0.022433
0.086604
0.129945
0.167667
0.171656
0.126246
0.120215
0.216922
0.196843
0.159498
0.206761
0.260985
0.161022
0.170895
0.078410
0.032575
0.002635
0.000087
0.000018
0.000045
0.002613
0.045151
0.125545
0.160913
0.157483
0.126966
0.118858
0.174543
0.160421
0.158793
0.206698
0.275593
0.193193
0.141288
0.077239
0.038394
0.005136
0.000086
0.000010
0.000053
0.002234
0.032183
0.100123
0.161248
0.155268
0.116257
0.098024
0.140860
0.130712
0.178844
0.149529
0.187736
0.172350
0.148396
0.075629
0.070769
0.029149
0.000554
0.000083
0.000192
0.002774
0.032418
0.098881
0.157900
0.163992
0.127833
0.106036
0.132265
0.127967
0.129767
0.119810
0.090202
0.081018
0.115299
0.087445
0.076360
0.051035
0.005766
0.001617
0.003265
0.016350
0.061801
0.109208
0.162106
0.168997
0.129536
0.129614
0.132974
0.071179
0.057783
0.088041
0.093546
0.073786
0.054411
0.057837
0.051858
0.096297
0.058938
0.010080
0.018260
0.040880
0.104207
0.132280
0.163394
0.163247
0.145738
0.144659
0.125154
0.076090
0.066715
0.071354
0.062627
0.065598
0.040584
0.043717
0.041860
0.031118
0.070855
0.073093
0.037075
0.069245
0.121689
0.120055
0.149290
0.163358
0.161190
0.152468
0.133387
0.070674
0.048240
0.031809
0.013132
0.022783
0.018428
0.036023
0.042800
0.077808
0.103285
0.045313
0.079124
0.107647
0.118904
0.120986
0.140399
0.155372
0.170129
0.191162
0.168015
0.088558
0.033820
0.021991
0.017816
0.027563
0.012331
0.024617
0.075650
0.082379
0.099495
0.080427
0.065702
0.114363
0.131663
0.075993
0.119517
0.116024
0.198814
0.177756
0.165331
0.101531
0.035460
0.028814
0.039809
0.050231
0.048152
0.045855
0.062070
0.089043
0.080373
0.113221
0.127052
0.201971
0.199487
0.117054
0.094835
0.076369
0.161589
0.155507
0.081320
0.076377
0.047029
0.036950
0.064902
0.086603
0.090063
0.071854
0.064528
0.083579
0.070903
0.075257
0.144602
0.305140
0.375886
0.247138
0.189368
0.094603
0.170050
0.140284
0.102581
0.074460
0.078798
0.100411
0.196737
0.173516
0.126014
0.102308
0.090815
0.090095
0.084600
0.137351
0.377269
0.621569
0.782894
0.675467
0.584161
0.308055
0.177963
0.132047
0.120364
0.099003
0.136605
0.227492
0.283310
0.282748
0.187662
0.193360
0.176264
0.147410
0.176081
0.264068
0.517429
0.738996
0.806872
0.824048
0.633746
0.289806