0.018495
0.019316
0.016719
0.021475
0.021469
0.017433
0.020578
0.026206
0.026400
0.027345
0.028710
0.020911
0.021519
0.015840
0.022796
0.021325
0.017655
0.017033
0.014597
0.015322
0.019527
0.021061
0.022942
0.021942
0.021343
0.021010
0.017648
0.016579
0.016182
0.018480
0.019712
0.020423
0.017710
0.020153
0.020010
0.021930
0.015085
0.019706
0.017295
0.020077
0.018924
0.023266
0.020763
0.021842
0.017460
0.017816
0.014916
0.014795
0.013500
0.016696
0.014958
0.013103
0.014974
0.012971
0.017778
0.017669
0.017638
0.019359
0.018021
0.021995
0.009585
0.011044
0.007385
0.007954
0.005666
0.009358
0.009493
0.010214
0.011674
0.016676
0.015541
0.012158
0.012813
0.009976
0.012681
0.014989
0.015283
0.017875
0.016426
0.020055
0.024451
0.017479
0.013908
0.057512
0.032196
0.019360
0.015641
0.017607
0.018617
0.029161
0.019728
0.019055
0.021652
0.017139
0.016204
0.025369
0.018735
0.024854
0.019580
0.022334
0.020505
0.018094
0.047872
0.662845
0.576261
0.049940
0.050772
0.027905
0.020153
0.040036
0.031363
0.022284
0.032557
0.021278
0.014644
0.026342
0.022657
0.024060
0.018715
0.018990
0.027931
0.035525
0.074528
0.909538
0.851585
0.039372
0.073266
0.033584
0.014659
0.022035
0.030167
0.013475
0.029816
0.021663
0.016556
0.017351
0.020867
0.023519
0.017522
0.016689
0.026362
0.045500
0.082758
0.821488
0.725178
0.025706
0.045272
0.022309
0.016892
0.019953
0.030990
0.013031
0.023192
0.020492
0.013705
0.018822
0.023938
0.022870
0.017082
0.018316
0.017562
0.046417
0.044738
0.151866
0.157570
0.027732
0.026577
0.017167
0.010727
0.012263
0.014803
0.019630
0.019736
0.014784
0.010926
0.019754
0.022542
0.024281
0.018383
0.017756
0.016254
0.022352
0.024653
0.031276
0.014521
0.024478
0.014499
0.011602
0.012136
0.016706
0.014287
0.014190
0.014629
0.012842
0.009037
0.014031
0.020894
0.018536
0.011154
0.010886
0.010423
0.007512
0.105893
0.117683
0.060387
0.008046
0.010626
0.011369
0.012928
0.011916
0.010951
0.020035
0.019125
0.015053
0.010422
0.015159
0.021870
0.025421
0.020420
0.020054
0.010170
0.006488
0.268865
0.276751
0.098372
0.003830
0.011003
0.012289
0.016221
0.018382
0.022571
0.026527
0.018953
0.014024
0.014208
0.013012
0.020384
0.023003
0.018909
0.019024
0.017959
0.007846
0.200142
0.290838
0.144894
0.011637
0.010909
0.014932
0.014330
0.017423
0.019786
0.020132
0.017300
0.015315
0.013827
0.014382
0.017937
0.019984
0.018380
0.018116
0.016085
0.014890
0.008394
0.007714
0.022987
0.017902
0.014376
0.011581
0.012335
0.015644
0.020890
0.014806
0.011060
0.009461
0.011235
0.011579
0.012838
0.016000
0.018634
0.021080
0.015283
0.016772
0.007486
0.006806
0.022473
0.012443
0.005801
0.006284
0.012301
0.011405
0.013655
0.007235
0.050936
0.045053
0.035352
0.010167
0.015939
0.015653
0.021793
0.021001
0.017255
0.017149
0.010012
0.007118
0.025455
0.022884
0.011565
0.011404
0.016130
0.015112
0.013753
0.005378
0.089339
0.142748
0.085709
0.005149
0.016494
0.017451
0.016652
0.019875
0.016056
0.010995
0.009673
0.007973
0.015569
0.013877
0.009526
0.007126
0.008671
0.011257
0.012811
0.006815
0.048945
0.092462
0.058741
0.003884
0.007148
0.010067
0.009846
0.017111
0.008878
0.009148
0.006495
0.001679
0.008122
0.004844
0.001864
0.004188
0.047389
0.040308
0.002929
0.004680
0.002711
0.012456
0.049696
0.037354
0.005648
0.016888
0.022132
0.017234
0.017083
0.028188
0.023935
0.005566
0.021678
0.024417
0.009089
0.009040
0.114601
0.101051
0.024007
0.012076
0.006897
0.005583
0.022910
0.025343
0.008896
0.029624
0.024670
0.017565
0.018683
0.022192
0.020436
0.012725
0.017925
0.020112
0.019303
0.027716
0.075192
0.055039
0.030197
0.020637
0.017412
0.007648
0.034395
0.036551
0.018022
0.022648
0.029514
0.023599
0.140301
0.246286
0.263550
0.227801
0.188336
0.241285
0.302060
0.313576
0.381471
0.428108
0.427303
0.394243
0.490481
0.504572
0.581842
0.647632
0.702337
0.772922
0.415904
0.008554
0.095852
0.253589
0.265846
0.229513
0.142084
0.148200
0.259889
0.353790
0.439127
0.419056
0.427147
0.442202
0.607424
0.636794
0.812927
0.984639
1.165456
1.226109
0.874855
0.233749
-0.143168
0.010980
0.275922
0.232766
-0.062099
-0.211363
0.120566
0.243405
0.484311
0.180642
0.082953
0.074327
0.238001
0.345364
0.532009
0.778260
1.081351
1.262443
1.167782
0.679290
-0.249270
-0.145206
0.498557
0.313874
-0.295780
-0.739296
0.110955
0.168261
0.480673
0.093282
-0.130655
-0.198778
0.011085
0.105022
0.324553
0.413797
0.615802
0.921021
0.915496
0.629830
-0.340389
-0.063237
0.988704
0.401402
-0.538605
-1.319669
0.069774
0.057470
0.421466
0.080663
-0.203096
-0.400721
-0.118450
-0.035522
0.110104
0.115412
0.297400
0.515754
0.586967
0.382416
-0.299106
0.114418
1.491052
0.461786
-0.631595
-1.690411
0.000546
0.085376
0.512738
0.073171
-0.275853
-0.608500
-0.183852
-0.131830
0.030557
-0.050003
0.059982
0.217445
0.344682
0.237309
-0.240354
0.399021
1.785648
0.503050
-0.627939
-1.701346
-0.118878
0.066240
0.619068
0.092300
-0.339876
-0.683876
-0.149776
-0.066612
-0.025892
-0.011031
-0.001877
0.184605
0.338402
0.164866
-0.113608
0.641641
1.594420
0.453682
-0.648187
-1.478852
-0.186055
-0.046695
0.563384
0.097641
-0.383059
-0.615792
-0.013501
0.037320
0.007308
0.051438
0.008072
0.146801
0.269396
0.118046
-0.145797
0.528420
1.201582
0.395486
-0.656591
-1.144047
-0.232015
0.027793
0.536416
0.095760
-0.323030
-0.626799
-0.088339
0.042963
0.072562
0.091679
-0.004964
0.116288
0.251603
0.145837
-0.288320
0.300001
0.827489
0.217195
-0.805332
-0.732460
-0.171017
0.025577
0.334241
0.123776
-0.325468
-0.497432
-0.145728
-0.044958
0.081970
0.100087
0.043080
0.122033
0.266199
0.162375
-0.083802
0.785632
1.121855
-0.086431
-1.334322
-0.683808
-0.047722
0.033674
0.143471
0.094238
-0.230254
-0.315250
-0.236013
-0.231631
0.000844
0.110482
0.068055
0.114402
0.207771
0.160698
-0.042699
0.947061
1.120901
-0.177639
-1.522627
-0.534911
-0.029767
0.009251
0.031392
0.083714
-0.181374
-0.173518
-0.237870
-0.298112
-0.079523
0.105198
0.039952
0.081617
0.166961
0.141191
0.080936
0.941737
1.041747
-0.141317
-1.427777
-0.596634
-0.171056
-0.022092
0.023211
0.001883
-0.114587
-0.106293
-0.136982
-0.289720
-0.237008
0.063305
0.084251
0.073600
0.147526
0.092521
0.041315
0.609071
0.931557
-0.056175
-0.896154
-0.650909
-0.681768
-0.044690
0.063819
-0.096543
-0.192328
-0.005176
0.084423
-0.220548
-0.434919
-0.040074
0.097981
0.030158
0.055329
0.038019
-0.101605
0.134804
0.448698
0.122278
-0.267097
-0.444018
-0.818069
0.001593
0.096400
-0.265940
-0.362272
0.408299
0.493829
-0.108591
-0.796210
-0.381236
0.026553
0.034971
0.081237
-0.012523
-0.054690
-0.018616
0.107268
0.350501
0.136884
-0.359043
-0.914879
0.091581
0.241353
-0.271735
-0.432995
0.746348
0.865747
-0.050092
-0.913867
-0.631577
-0.025811
0.032679
0.016704
-0.025638
0.008529
-0.113778
-0.335879
0.176575
0.160242
-0.374471
-0.820512
0.529790
0.340680
-0.316830
-0.833154
0.467301
0.861041
0.040547
-0.800189
-0.753755
-0.189982
0.052744
-0.163804
-0.266535
0.529639
-0.071241
-0.762917
-0.391056
0.039764
-0.322188
-0.216299
1.351771
0.449540
-0.379768
-1.446830
-0.347384
0.877206
0.441800
-0.308063
-0.711391
-0.656456
0.069183
-0.254885
-0.715236
0.568097
0.014259
-0.616041
-0.174208
-0.015517
-0.173750
0.023099
1.294591
0.393604
-0.354622
-1.177079
-0.484387
0.474938
0.486809
-0.108603
-0.454826
-0.508484
0.027147
-0.286859
-0.755686
0.530969
0.081713
-0.665235
-0.430092
-0.047558
-0.053624
0.130781
1.130532
0.383000
-0.293478
-1.137244
-0.740357
0.242043
0.590320
0.173636
-0.167273
-0.656774
-0.072778
-0.274833
-0.811248
-0.268005
-0.278114
-0.297134
-0.349700
-0.353812
-0.348261
-0.327546
-0.317963
-0.371019
-0.464118
-0.525487
-0.512784
-0.625247
-0.670977
-0.799558
-0.922543
-1.076768
-1.042614
-0.519853
-0.278257
-0.189925
-0.151511
-0.085999
-0.103439
-0.151702
-0.140554
-0.111764
0.016575
0.041001
0.079198
-0.012241
-0.078613
-0.144849
-0.320769
-0.562987
-0.734331
-0.888792
-0.933720
-0.584285
-0.217882
-0.011975
0.232530
0.468644
0.630871
0.676418
0.541482
0.483048
0.523264
0.687117
0.778574
0.841460
0.764411
0.600767
0.411315
-0.039140
-0.212531
-0.516404
-0.414409
-0.210821
0.032372
0.252771
0.855868
1.455566
1.865864
1.914988
1.434331
1.055252
0.816009
0.751838
0.828147
0.879139
0.889783
0.874268
0.720342
0.279276
-0.137251
-0.468608
-0.581124
-0.320769
-0.036757
0.532220
1.257902
1.950262
2.410646
2.328899
1.795366
1.169185
0.688608
0.499866
0.516841
0.508541
0.540756
0.675818
0.684770
0.369925
0.024692
-0.303041
-0.364379
-0.174045
-0.058876
0.300201
0.877857
1.310457
1.423498
1.403448
1.165174
0.629302
0.389642
0.390879
0.447201
0.405244
0.292105
0.326936
0.373753
0.236806
0.006661
-0.142482
-0.266554
-0.084646
-0.009470
0.084320
0.371322
0.291468
0.245469
0.283042
0.266923
0.066044
0.073410
0.168627
0.243328
0.089513
-0.021522
-0.026306
-0.004233
-0.027337
-0.129718
-0.295852
-0.300228
0.045531
0.192122
-0.257882
-0.380553
-0.749092
-0.939341
-0.915328
-0.669416
-0.426493
-0.180376
-0.035058
0.019460
-0.063873
-0.072374
-0.040773
-0.023488
-0.027445
-0.117141
-0.344089
-0.410522
-0.103911
0.032380
-0.244314
-0.368788
-0.884825
-1.174044
-1.108401
-0.872406
-0.626909
-0.435026
-0.273001
-0.142601
-0.034370
0.113472
0.166665
0.108982
-0.051419
-0.117329
-0.399086
-0.557116
-0.336020
-0.126257
-0.200419
-0.145821
-0.049122
-0.253125
-0.412170
-0.310156
-0.306674
-0.177034
0.001340
0.016658
0.153569
0.329114
0.375793
0.298878
0.098237
-0.105864
-0.483792
-0.533873
-0.278023
-0.154500
0.091719
0.434452
0.924147
0.840734
0.492665
0.208926
0.051690
0.130916
0.204738
0.242067
0.198325
0.180953
0.072625
0.043895
0.002993
-0.081111
-0.370051
-0.395524
-0.221722
-0.081242
0.031375
0.177667
0.262167
0.150158
0.154629
0.070918
0.029288
0.090432
0.097517
0.050203
-0.014390
-0.109129
-0.175482
-0.120955
-0.099740
-0.141847
-0.322701
-0.386109
-0.218067
0.013652
-0.183959
-0.315850
-0.522272
-0.596111
-0.608300
-0.444058
-0.265682
-0.163712
-0.187801
-0.192715
-0.223414
-0.198507
-0.151231
-0.057790
0.101676
0.053120
-0.044627
-0.152802
-0.078113
0.083689
-0.412156
-0.678889
-0.978443
-1.068952
-0.736300
-0.410759
-0.270309
-0.429342
-0.460746
-0.400428
-0.276139
0.000474
0.221589
0.336496
0.401932
0.302528
0.114881
-0.016306
-0.081822
-0.019230
-0.285951
-0.333038
-0.686101
-0.746969
-0.494304
-0.414642
-0.384428
-0.465045
-0.445419
-0.352001
-0.191201
0.212177
0.736676
0.979543
0.924925
0.550385
0.237346
0.082665
-0.068672
-0.063566
-0.236704
-0.269423
-0.448074
-0.606060
-0.569737
-0.490154
-0.376566
-0.156413
-0.012050
-0.049993
-0.055104
0.123976
0.387820
0.516083
0.654000
0.603052
0.558938
0.528469
0.389038
0.195814
0.290521
0.446787
0.399235
0.107843
-0.126070
-0.140939
0.088387
0.509271
0.766133
0.729084
0.497336
0.071837
-0.243278
-0.190418
-0.031000
0.433693
0.837053
0.921646
0.836385
0.571206
0.903722
1.239803
1.194362
0.942723
0.637113
0.545543
0.763697
1.337693
1.678295
1.645778
1.221101
0.550564
0.032883
0.029905
0.376862
0.851971
1.272357
1.224069
1.142166
0.887294
0.327516
0.447405
0.582102
0.527457
0.430916
0.372184
0.337870
0.367120
0.397762
0.427607
0.389468
0.321121
0.125987
0.199354
0.239654
0.236685
0.247641
0.267841
0.225075
0.195433
-0.343291
-0.388955
-0.279070
-0.209408
-0.214327
-0.200195
-0.217554
-0.420684
-0.666706
-0.584207
-0.270583
-0.038334
-0.129485
-0.351100
-0.513972
-0.561823
-0.600109
-0.656412
-0.620093
-0.425907
-1.243511
-1.231600
-1.208487
-1.296536
-1.348284
-1.326702
-1.268833
-1.143382
-0.969270
-0.870970
-0.728251
-0.619161
-0.412356
-0.280729
-0.060869
0.133718
0.324002
0.411119
0.079268
-0.244886
-1.303131
-1.397160
-1.435339
-1.545020
-1.614968
-1.583940
-1.497666
-1.340031
-1.187130
-0.976247
-0.836912
-0.660454
-0.471652
-0.282579
0.086192
0.385517
0.709514
0.811135
0.463862
-0.031095
-1.551360
-1.680573
-1.770349
-1.838347
-1.916386
-1.941963
-1.912846
-1.768072
-1.586428
-1.449696
-1.319356
-1.193658
-1.121952
-0.916224
-0.341612
-0.003867
0.506651
0.651873
0.516654
0.068373
-1.716184
-1.910583
-1.970328
-2.078999
-2.106837
-2.185798
-2.210531
-2.049299
-1.875054
-1.740830
-1.660938
-1.517447
-1.476577
-1.304839
-0.884138
-0.422959
-0.010422
0.404178
0.282153
-0.120205
-1.791275
-2.067329
-2.066886
-2.175361
-2.161427
-2.287188
-2.352906
-2.172904
-1.969166
-1.851957
-1.792227
-1.728960
-1.728125
-1.620367
-1.331300
-0.868927
-0.437777
-0.125958
-0.144015
-0.468723
-1.813196
-2.054770
-2.065054
-2.118189
-2.148777
-2.233225
-2.351768
-2.160557
-1.907415
-1.772886
-1.739530
-1.729048
-1.788452
-1.779414
-1.539488
-1.170326
-0.755946
-0.451169
-0.428538
-0.620761
-1.813084
-2.082000
-2.059772
-2.121847
-2.130641
-2.122572
-2.269161
-2.142542
-1.910798
-1.807191
-1.781284
-1.774873
-1.876214
-1.896157
-1.734966
-1.367737
-0.876745
-0.498473
-0.489569
-0.697331
-1.798931
-2.048031
-2.057760
-2.109934
-2.117747
-2.070340
-2.167696
-2.095112
-1.953113
-1.877471
-1.847835
-1.870705
-1.976422
-1.973872
-1.812112
-1.438442
-0.915214
-0.547745
-0.556134
-0.760444
-1.788910
-2.062036
-2.124945
-2.160733
-2.123148
-2.058864
-2.139184
-2.129050
-1.968599
-1.916434
-1.881533
-1.955420
-2.093318
-2.063349
-1.916348
-1.565898
-0.941478
-0.533902
-0.496540
-0.722460
-1.871431
-2.113376
-2.203912
-2.215939
-2.165477
-2.107109
-2.160100
-2.199857
-2.055434
-1.976269
-1.936926
-2.013350
-2.166157
-2.130962
-2.001895
-1.607950
-0.931887
-0.519325
-0.494955
-0.715700
-1.941102
-2.188892
-2.291027
-2.255798
-2.202473
-2.202911
-2.256557
-2.255476
-2.152148
-2.054294
-2.036507
-2.093044
-2.179383
-2.156936
-2.030190
-1.692401
-1.083061
-0.671479
-0.611424
-0.759409
-1.957419
-2.233201
-2.332949
-2.298251
-2.252996
-2.273959
-2.293419
-2.255024
-2.157873
-2.105603
-2.088170
-2.120896
-2.135377
-2.116080
-2.028610
-1.699008
-1.248046
-0.751525
-0.673731
-0.789122
-1.985658
-2.210586
-2.284710
-2.251919
-2.245084
-2.256321
-2.278642
-2.208712
-2.152597
-2.093111
-2.072039
-2.077996
-2.115825
-2.089197
-2.014755
-1.784321
-1.481290
-1.023552
-0.866058
-0.938961
-1.948321
-2.127692
-2.137688
-2.088889
-2.090817
-2.159404
-2.193299
-2.151225
-2.132909
-2.108484
-2.073891
-2.090700
-2.088609
-2.057339
-2.008338
-1.840444
-1.615547
-1.286920
-1.101019
-1.064791
-1.872289
-2.044313
-2.052702
-1.999813
-2.009140
-2.068761
-2.100999
-2.103265
-2.080151
-2.060297
-2.030704
-2.002067
-1.984696
-1.938251
-1.913036
-1.878483
-1.775641
-1.522865
-1.354099
-1.277152
-1.766716
-1.933483
-1.946270
-1.953541
-1.934792
-1.991566
-2.036755
-2.047284
-2.038515
-1.984759
-1.938168
-1.948766
-1.879761
-1.841112
-1.822986
-1.839875
-1.849128
-1.677495
-1.497993
-1.381877
-1.650759
-1.804704
-1.835519
-1.861188
-1.912112
-1.972452
-2.000166
-1.949928
-1.891652
-1.800696
-1.765927
-1.861828
-1.824517
-1.761610
-1.771609
-1.834199
-1.870761
-1.750023
-1.554173
-1.391117
-1.480645
-1.607458
-1.615971
-1.641095
-1.769427
-1.863745
-1.894644
-1.749555
-1.599756
-1.567840
-1.522472
-1.622996
-1.662085
-1.566700
-1.518136
-1.591861
-1.517460
-1.592681
-1.536650
-1.348124
-1.483912
-1.554157
-1.568631
-1.580267
-1.728294
-1.736834
-1.763624
-1.596108
-1.440364
-1.405695
-1.417367
-1.538466
-1.590768
-1.538439
-1.460530
-1.471586
-1.436211
-1.477237
-1.439836
-1.307742
-1.377613
-1.412028
-1.367342
-1.396878
-1.564366
-1.601380
-1.521536
-1.376073
-1.310209
-1.282019
-1.240475
-1.408892
-1.501151
-1.454270
-1.475522
-1.416287
-1.247724
-1.287775
-1.323050
-1.232949
-0.792751
-0.786859
-0.716799
-0.733629
-0.764645
-0.747351
-0.717771
-0.639577
-0.512477
-0.392808
-0.263561
-0.197762
0.021432
0.134671
0.369760
0.538700
0.713074
0.781147
0.381293
0.063143
-0.820184
-0.855265
-0.868722
-0.911538
-0.936574
-0.878120
-0.829827
-0.711946
-0.609388
-0.470800
-0.361495
-0.252212
-0.021669
0.147818
0.527929
0.809788
1.142144
1.208840
0.758694
0.253935
-0.989294
-1.049925
-1.125531
-1.179420
-1.208357
-1.120583
-1.062013
-1.018674
-0.967432
-0.907562
-0.757711
-0.650005
-0.523510
-0.361819
0.126785
0.488531
1.007351
1.092513
0.871508
0.404025
-1.135000
-1.279528
-1.380836
-1.466699
-1.456715
-1.377670
-1.285566
-1.236852
-1.209002
-1.175508
-1.060710
-0.934979
-0.786663
-0.655024
-0.320156
0.070337
0.502889
0.873644
0.663517
0.228876
-1.172276
-1.242996
-1.244703
-1.291414
-1.292009
-1.285572
-1.250915
-1.210583
-1.190317
-1.147326
-1.065458
-0.988033
-0.872959
-0.813677
-0.639600
-0.305349
0.091281
0.385167
0.280552
-0.061857
-1.056830
-1.006440
-0.872247
-0.818570
-0.826782
-0.886529
-1.010672
-1.043496
-1.002836
-0.946005
-0.875954
-0.820135
-0.777305
-0.773610
-0.709563
-0.558570
-0.259519
0.032571
0.001748
-0.219457
-0.934986
-0.832953
-0.703247
-0.655457
-0.642130
-0.648912
-0.816316
-0.898427
-0.917340
-0.961928
-0.865813
-0.771593
-0.752546
-0.761622
-0.760633
-0.675693
-0.394944
-0.094426
-0.106862
-0.323920
-0.728754
-0.629592
-0.551433
-0.515099
-0.524977
-0.575240
-0.687374
-0.842193
-1.009225
-1.101133
-1.057491
-0.946600
-0.861814
-0.877944
-0.913186
-0.801907
-0.462877
-0.158707
-0.169993
-0.378428
-0.728705
-0.679530
-0.708695
-0.717780
-0.673449
-0.703899
-0.792501
-0.952348
-1.117414
-1.218257
-1.161181
-1.086965
-1.051515
-1.023916
-1.036797
-0.924412
-0.520787
-0.173068
-0.124864
-0.334867
-0.887847
-0.891634
-0.914521
-0.960172
-0.935498
-0.952968
-1.029940
-1.181098
-1.271614
-1.306597
-1.215684
-1.164719
-1.157127
-1.157679
-1.144189
-0.986439
-0.497220
-0.170178
-0.137673
-0.327647
-1.071491
-1.177300
-1.197220
-1.125411
-1.095427
-1.143990
-1.199101
-1.306981
-1.354334
-1.284134
-1.187483
-1.131246
-1.159522
-1.190668
-1.179328
-1.026809
-0.602293
-0.284629
-0.225180
-0.361939
-1.197659
-1.355421
-1.411692
-1.400150
-1.375745
-1.312907
-1.296475
-1.342661
-1.319195
-1.243660
-1.146162
-1.092775
-1.094715
-1.116786
-1.150372
-1.030378
-0.708058
-0.335301
-0.255972
-0.399553
-1.278406
-1.418981
-1.522876
-1.537091
-1.469154
-1.365065
-1.294422
-1.283583
-1.275684
-1.195133
-1.075756
-1.033613
-1.073506
-1.096457
-1.174033
-1.116397
-0.911009
-0.585903
-0.432856
-0.524525
-1.206121
-1.282330
-1.349990
-1.340626
-1.297344
-1.216320
-1.201097
-1.202666
-1.141122
-1.103292
-1.028153
-1.011916
-1.054187
-1.113603
-1.196084
-1.171267
-1.001198
-0.821721
-0.734319
-0.689577
-1.161438
-1.248413
-1.363977
-1.314868
-1.291894
-1.257136
-1.236314
-1.224956
-1.155738
-1.112064
-1.109787
-1.036346
-1.032174
-1.122087
-1.202821
-1.225302
-1.152367
-1.019307
-0.984883
-0.913043
-1.132944
-1.213402
-1.260182
-1.282198
-1.291668
-1.316252
-1.300615
-1.313141
-1.290437
-1.277492
-1.210973
-1.112336
-1.041996
-1.070914
-1.157135
-1.204826
-1.208693
-1.178409
-1.149822
-1.053362
-1.140275
-1.225380
-1.271881
-1.281521
-1.317540
-1.369655
-1.346042
-1.356471
-1.353615
-1.316793
-1.269344
-1.148805
-1.083170
-1.071893
-1.169841
-1.260368
-1.337113
-1.301399
-1.238743
-1.138303
-1.252541
-1.355489
-1.366163
-1.374451
-1.373138
-1.390985
-1.412396
-1.411304
-1.423409
-1.443471
-1.342348
-1.207675
-1.118539
-1.010940
-1.061793
-1.105828
-1.138759
-1.150126
-1.142393
-1.035130
-1.370639
-1.486087
-1.491280
-1.482192
-1.504709
-1.471027
-1.429808
-1.377966
-1.409688
-1.435704
-1.377195
-1.278074
-1.202553
-1.134546
-1.113441
-1.120167
-1.131581
-1.105005
-1.088932
-1.047397
-1.334543
-1.419445
-1.396726
-1.382196
-1.363512
-1.338510
-1.284126
-1.293126
-1.372777
-1.355868
-1.223836
-1.131234
-1.176670
-1.218787
-1.250414
-1.181503
-1.100551
-1.074703
-1.033537
-0.967153
0.105607
0.138687
0.232923
0.236087
0.209337
0.174353
0.165503
0.169446
0.175740
0.178839
0.191143
0.195106
0.197160
0.155317
0.120706
0.107838
0.085211
0.107908
0.117316
0.236230
0.132795
0.121998
0.130963
0.160193
0.117848
0.120821
0.145881
0.161348
0.151089
0.202369
0.119971
0.187793
0.215668
0.200806
0.131003
0.168747
0.148653
0.122156
0.169346
0.274177
0.169594
0.235453
0.200361
0.326042
0.169454
0.177497
0.257685
0.296217
0.279730
0.221109
0.191838
0.205269
0.278973
0.277475
0.142680
0.113323
0.129662
0.108128
0.207033
0.268211
0.161807
0.343250
0.194364
0.123587
0.039540
0.033507
0.144573
0.467242
0.330312
0.329689
0.277967
0.264337
0.339970
0.347183
0.199556
0.135149
0.127580
0.174219
0.180523
0.327424
0.202840
0.369171
0.008018
0.001412
0.000769
0.002595
0.032235
0.134098
0.093756
0.087722
0.123759
0.236352
0.293194
0.330762
0.356289
0.175183
0.065002
0.085546
0.105647
0.294327
0.153800
0.090700
0.000411
0.000011
0.000005
0.000240
0.004007
0.032766
0.026208
0.023405
0.066849
0.229360
0.370343
0.357327
0.479158
0.331389
0.123023
0.146445
0.177460
0.312057
0.079605
0.010538
0.000218
0.000001
0.000000
0.000066
0.002486
0.025601
0.018918
0.027112
0.023491
0.083380
0.166291
0.194546
0.354987
0.393665
0.267611
0.146568
0.097333
0.239697
0.056175
0.004042
0.000605
0.000008
0.000009
0.000328
0.005402
0.029203
0.049583
0.044722
0.035787
0.064602
0.095252
0.141831
0.295603
0.348128
0.303610
0.202775
0.212207
0.277474
0.109563
0.012355
0.002259
0.000488
0.000627
0.001481
0.023082
0.072891
0.164382
0.250627
0.353592
0.339537
0.164221
0.094734
0.237581
0.330827
0.254041
0.164545
0.146956
0.259528
0.210950
0.071132
0.008863
0.004427
0.002064
0.004097
0.045646
0.308069
0.382922
0.712713
0.688262
0.570907
0.420934
0.180903
0.213995
0.346614
0.243496
0.104068
0.140041
0.308150
0.301690
0.649194
0.054804
0.018373
0.012671
0.010745
0.042629
0.394522
0.668380
0.898221
0.830929
0.351389
0.382219
0.165300
0.166392
0.358408
0.368240
0.200514
0.195142
0.311812
0.317474
0.575532
0.107995
0.024912
0.031379
0.015275
0.052187
0.292311
0.568235
0.807707
0.642571
0.345213
0.240829
0.139841
0.129799
0.357897
0.303751
0.251781
0.148814
0.222037
0.254001
0.563761
0.134396
0.028064
0.046051
0.035704
0.070472
0.222260
0.506059
0.636622
0.534365
0.340383
0.099826
0.094954
0.144953
0.389276
0.245473
0.207358
0.173149
0.228578
0.108773
0.270121
0.336360
0.044874
0.037262
0.038283
0.038946
0.078389
0.224180
0.384111
0.348090
0.230972
0.095324
0.080950
0.103074
0.319383
0.273707
0.296672
0.208764
0.236016
0.120603
0.097933
0.271343
0.368762
0.069909
0.061233
0.021895
0.013726
0.046570
0.096740
0.136304
0.079072
0.028914
0.021245
0.088723
0.229913
0.261064
0.299719
0.257527
0.246721
0.139476
0.096888
0.124685
0.105205
0.134940
0.110463
0.069114
0.028992
0.043887
0.081182
0.062872
0.062936
0.019304
0.022613
0.043999
0.195533
0.233890
0.441978
0.286882
0.250247
0.189462
0.166050
0.104780
0.080457
0.090836
0.065576
0.108383
0.061856
0.048877
0.023091
0.018894
0.011071
0.005673
0.009357
0.021533
0.047412
0.120472
0.302949
0.187183
0.200576
0.702684
0.810344
0.489785
0.037572
0.019872
0.036764
0.034823
0.071285
0.029566
0.045489
0.012977
0.019844
0.015367
0.048233
0.096724
0.074954
0.276929
0.251074
0.125547
0.199203
0.862828
0.914555
0.907833
0.192391
0.047186
0.017988
0.017957
0.011403
0.007150
0.001553
0.004878
0.029915
0.033290
0.141849
0.131950
0.154890
0.266719
0.107179
0.045728
0.067355
0.452896
0.724666
0.602061
0.358778
0.207568
0.163538
0.092809
0.025056
0.003103
0.001133
0.005262
0.070171
0.206985
0.254911
0.354255
0.239860
0.351492
0.193205
0.086198
0.082660
0.136431
0.131287
0.143996
0.141800
0.139859
0.159737
0.148123
0.129939
0.172900
0.197792
0.197892
0.157698
0.234041
0.224023
0.252705
0.191997
0.246993
0.225693
0.138774
0.163642
0.128567
0.080541
0.083698
0.109479
0.095171
0.077795
0.100379
0.097937
0.114165
0.131338
0.116647
0.095036
0.123277
0.140222
0.225631
0.192983
0.186002
0.122816
0.160396
0.190115
0.183199
0.126281
0.124800
0.070084
0.054978
0.048986
0.099018
0.162849
0.178927
0.185427
0.175415
0.141744
0.147936
0.152929
0.269001
0.254881
0.217751
0.183782
0.289329
0.218905
0.169423
0.100088
0.070019
0.015632
0.005330
0.009278
0.070933
0.079449
0.104699
0.104231
0.091263
0.133020
0.192051
0.191231
0.253350
0.235244
0.285046
0.254055
0.290535
0.204115
0.106188
0.044820
0.004485
0.000197
0.000107
0.000570
0.013798
0.090844
0.112199
0.089884
0.100521
0.123632
0.146849
0.156719
0.155246
0.199312
0.272669
0.247695
0.299164
0.177762
0.124457
0.026490
0.000802
0.000030
0.000006
0.000079
0.009805
0.125381
0.165993
0.171874
0.136445
0.132456
0.104293
0.114409
0.095134
0.148966
0.261167
0.261066
0.266260
0.164659
0.119227
0.024189
0.000193
0.000007
0.000004
0.000073
0.008255
0.066166
0.163944
0.222298
0.188953
0.163313
0.151677
0.138706
0.120348
0.116100
0.243343
0.236250
0.310618
0.229534
0.118861
0.057522
0.001242
0.000074
0.000073
0.001036
0.032918
0.107260
0.159093
0.200664
0.165599
0.128846
0.158546
0.138867
0.139682
0.129752
0.189123
0.198905
0.276802
0.211325
0.121994
0.115430
0.015723
0.005495
0.005434
0.043996
0.192861
0.203258
0.241778
0.142731
0.107293
0.138250
0.159893
0.165714
0.179224
0.150802
0.223805
0.240571
0.285439
0.198713
0.114790
0.165019
0.162827
0.246793
0.177384
0.397317
0.246747
0.170729
0.161235
0.079190
0.090175
0.133619
0.141335
0.176870
0.181897
0.163735
0.234234
0.231916
0.252302
0.192702
0.177277
0.130133
0.418558
0.324961
0.376253
0.434732
0.263257
0.181699
0.088928
0.031035
0.063924
0.223212
0.233227
0.200443
0.174809
0.142120
0.186824
0.223778
0.289870
0.194337
0.140193
0.149899
0.380119
0.245359
0.240325
0.290074
0.272244
0.261304
0.137759
0.069694
0.116931
0.165547
0.184476
0.183214
0.146907
0.133823
0.212018
0.212412
0.294270
0.223425
0.219515
0.192078
0.344287
0.270157
0.249477
0.292014
0.199375
0.292406
0.147344
0.122250
0.144595
0.149931
0.159460
0.138296
0.092696
0.108628
0.199878
0.204234
0.279304
0.228473
0.259272
0.260869
0.188807
0.129123
0.267483
0.290925
0.130366
0.178631
0.132136
0.110410
0.150879
0.123020
0.064232
0.075199
0.072677
0.093472
0.218609
0.195811
0.238043
0.203384
0.191597
0.160622
0.150784
0.172868
0.178683
0.193308
0.078536
0.104180
0.104926
0.076901
0.129555
0.120445
0.042974
0.053490
0.074245
0.130409
0.189689
0.174514
0.200485
0.157890
0.149245
0.159982
0.202919
0.175894
0.108853
0.097613
0.090687
0.067967
0.048077
0.049868
0.075930
0.059212
0.031027
0.032335
0.089340
0.145973
0.180824
0.128720
0.157582
0.130336
0.143509
0.098495
0.152524
0.165319
0.082264
0.093604
0.090405
0.047818
0.013198
0.010706
0.023138
0.027334
0.020974
0.048989
0.118954
0.206044
0.184664
0.137512
0.118693
0.083340
0.086064
0.050626
0.101792
0.151011
0.068460
0.099768
0.134420
0.030440
0.003060
0.001813
0.007347
0.073955
0.099693
0.084661
0.091147
0.198500
0.164539
0.159526
0.068813
0.046138
0.033515
0.027312
0.025875
0.095058
0.066997
0.065808
0.051239
0.009279
0.000427
0.000180
0.000692
0.035860
0.193677
0.183157
0.159556
0.213829
0.141446
0.063094
0.046750
0.035946
0.172365
0.113679
0.226255
0.253920
0.172893
0.206573
0.154917
0.021075
0.001217
0.000428
0.003160
0.066022
0.206280
0.244124
0.148806
0.198211
0.160600
0.079761
0.051631
0.082181
0.263296
0.253071
0.241890
0.247944
0.258156
0.243219
0.236428
0.270504
0.239522
0.220242
0.182143
0.180532
0.168021
0.176577
0.191015
0.249863
0.190578
0.178817
0.168651
0.129749
0.180844
0.163480
0.216069
0.229348
0.222202
0.199566
0.185865
0.189821
0.181870
0.156664
0.127819
0.130643
0.106801
0.104281
0.095308
0.115833
0.106389
0.098245
0.134458
0.110478
0.191170
0.174168
0.300019
0.180691
0.110274
0.150755
0.187887
0.214535
0.183003
0.133962
0.150310
0.243698
0.159271
0.189630
0.153985
0.181051
0.156827
0.141054
0.121363
0.127491
0.193874
0.158939
0.128793
0.031527
0.015414
0.049267
0.145260
0.143663
0.155276
0.090866
0.110122
0.166826
0.149095
0.153377
0.157224
0.171728
0.152260
0.140148
0.089671
0.066653
0.217676
0.086965
0.012758
0.001909
0.004003
0.020705
0.128355
0.163820
0.136107
0.125328
0.127536
0.158379
0.176945
0.172550
0.195421
0.219870
0.213167
0.138848
0.100945
0.092719
0.194285
0.056248
0.004189
0.000796
0.000909
0.013104
0.203600
0.343569
0.375652
0.234569
0.262101
0.297868
0.270238
0.252595
0.223323
0.249297
0.289664
0.227450
0.140079
0.124695
0.174983
0.065805
0.004474
0.000968
0.000862
0.024055
0.340019
0.528513
0.442607
0.308788
0.385624
0.427694
0.414760
0.330314
0.269091
0.230580
0.226510
0.182580
0.105390
0.094861
0.210512
0.111352
0.021561
0.003478
0.002814
0.053604
0.368486
0.538419
0.478011
0.291359
0.356066
0.590248
0.550680
0.424136
0.271318
0.199705
0.197297
0.203769
0.130593
0.103018
0.236450
0.189788
0.084058
0.032009
0.037631
0.135524
0.367123
0.391379
0.268639
0.185013
0.222086
0.333100
0.498561
0.489077
0.289515
0.180065
0.223596
0.211251
0.138799
0.105314
0.247044
0.295096
0.346421
0.232974
0.340500
0.313706
0.410001
0.295576
0.190227
0.091834
0.096988
0.171250
0.276908
0.377044
0.305588
0.204622
0.214002
0.200769
0.139859
0.116645
0.171241
0.101722
0.304269
0.419633
0.475284
0.400734
0.475932
0.233399
0.096799
0.025497
0.049368
0.249610
0.206555
0.397716
0.311441
0.202308
0.160365
0.173353
0.121110
0.122102
0.182712
0.085620
0.271113
0.502457
0.530372
0.522410
0.401931
0.235531
0.110687
0.038521
0.113071
0.316057
0.389321
0.420597
0.294675
0.195004
0.158450
0.173609
0.121309
0.096036
0.129738
0.048055
0.206604
0.409961
0.413210
0.460805
0.415798
0.214125
0.107546
0.061350
0.134016
0.330330
0.476332
0.334181
0.272439
0.162676
0.160475
0.177688
0.132982
0.107360
0.153756
0.096102
0.198632
0.381000
0.410028
0.419233
0.445947
0.190422
0.141145
0.122969
0.195483
0.270386
0.271748
0.203863
0.211174
0.164121
0.162359
0.176229
0.148005
0.139464
0.209058
0.219935
0.166349
0.184524
0.310941
0.290900
0.255968
0.136177
0.099159
0.085872
0.137066
0.216489
0.145326
0.196160
0.249089
0.310830
0.161579
0.165699
0.168280
0.166533
0.261740
0.161004
0.186955
0.281687
0.297183
0.266044
0.157132
0.100595
0.055676
0.062535
0.099596
0.146787
0.133963
0.205660
0.317340
0.397387
0.284119
0.160156
0.198125
0.258642
0.220538
0.183845
0.307595
0.287292
0.326072
0.430529
0.262172
0.050829
0.018955
0.014492
0.045140
0.145790
0.168411
0.282904
0.521824
0.488130
0.380558
0.218063
0.184246
0.235753
0.063287
0.056255
0.241549
0.582039
0.720034
0.697721
0.502334
0.068907
0.003058
0.001941
0.007752
0.132371
0.378858
0.479314
0.645388
0.607205
0.430207
0.273720
0.109933
0.137840
0.022776
0.011390
0.020257
0.398731
0.632468
0.628099
0.376211
0.021007
0.000461
0.000082
0.000279
0.022703
0.279324
0.376445
0.506106
0.448592
0.266259
0.199624
0.102313
0.099165
0.079214
0.022511
0.033577
0.112676
0.283447
0.257882
0.138743
0.019946
0.000575
0.000135
0.001188
0.027535
0.124759
0.173386
0.219239
0.183511
0.099996
0.119340
0.066909
0.126243
0.156435
0.154646
0.127472
0.130913
0.125862
0.129592
0.150655
0.145268
0.144107
0.132180
0.142657
0.165956
0.132764
0.136148
0.109791
0.132992
0.147259
0.135396
0.168804
0.134399
0.186159
0.249604
0.235130
0.198032
0.237251
0.240388
0.211215
0.222210
0.231568
0.219557
0.270888
0.238087
0.209311
0.209087
0.170268
0.159879
0.191645
0.240220
0.146125
0.108194
0.140796
0.149103
0.134450
0.195971
0.310206
0.313426
0.189474
0.115311
0.104693
0.129719
0.139890
0.139447
0.123278
0.104571
0.105047
0.084531
0.124827
0.147303
0.063125
0.092223
0.183778
0.128058
0.238637
0.207321
0.314171
0.440065
0.301448
0.125599
0.132762
0.147152
0.163856
0.130036
0.098016
0.096470
0.116788
0.100265
0.096098
0.106053
0.080632
0.105683
0.158284
0.114492
0.159163
0.133141
0.383845
0.451976
0.466242
0.154008
0.184269
0.217346
0.229622
0.151500
0.126844
0.119818
0.102237
0.097761
0.078863
0.096271
0.056527
0.102330
0.107543
0.097859
0.168110
0.270330
0.659688
0.651951
0.453169
0.112447
0.114187
0.175862
0.189242
0.113796
0.092803
0.091750
0.077961
0.082582
0.053945
0.062908
0.052394
0.086253
0.111743
0.167573
0.323907
0.622835
0.747654
0.728440
0.312032
0.098355
0.086192
0.102908
0.121247
0.107149
0.107811
0.125433
0.101989
0.086205
0.047996
0.078150
0.070323
0.099214
0.138633
0.192116
0.475842
0.757129
0.782364
0.768735
0.248722
0.064139
0.065852
0.074284
0.076609
0.065680
0.091543
0.120716
0.108059
0.089823
0.058876
0.080546
0.066110
0.099221
0.164206
0.190096
0.455009
0.618134
0.638825
0.458517
0.124139
0.070989
0.050358
0.044699
0.049152
0.063500
0.077514
0.105921
0.105199
0.098450
0.061756
0.067581
0.060066
0.107290
0.142955
0.148237
0.169788
0.190700
0.220561
0.119051
0.097006
0.059723
0.055709
0.018682
0.024691
0.046165
0.063391
0.117233
0.112164
0.081195
0.067141
0.066744
0.052271
0.080660
0.114202
0.035420
0.061630
0.071168
0.048921
0.049068
0.090382
0.061384
0.042137
0.011473
0.015539
0.082624
0.068743
0.108010
0.159762
0.095343
0.094109
0.100839
0.059398
0.078481
0.089209
0.033504
0.049707
0.058407
0.053428
0.047377
0.091343
0.078619
0.068994
0.027835
0.047337
0.081534
0.078841
0.116190
0.199025
0.102969
0.100816
0.097866
0.066836
0.091883
0.091383
0.032919
0.083481
0.078872
0.090740
0.053618
0.138482
0.129740
0.095260
0.053161
0.070943
0.084210
0.132909
0.231792
0.244816
0.093426
0.105324
0.108124
0.063766
0.084216
0.138106
0.091768
0.106261
0.215348
0.160560
0.136254
0.268703
0.346111
0.265347
0.161515
0.134504
0.202531
0.390241
0.395656
0.319316
0.133873
0.096577
0.098374
0.076677
0.090110
0.151042
0.199904
0.180023
0.130192
0.309889
0.288189
0.418851
0.480256
0.429255
0.395726
0.307860
0.361171
0.550615
0.472773
0.292746
0.119701
0.115517
0.112233
0.092649
0.125174
0.154396
0.240007
0.206458
0.241414
0.288616
0.347261
0.375914
0.383494
0.401664
0.464945
0.468413
0.456776
0.610610
0.560252
0.322009
0.114507
0.107579
0.083144
0.126103
0.123996
0.131455
0.222281
0.219792
0.290923
0.361024
0.294603
0.345013
0.342615
0.333130
0.401479
0.421868
0.515965
0.655842
0.494062
0.236571
0.121363
0.113751
0.095826
0.212553
0.218034
0.032896
0.019289
0.075804
0.137519
0.140929
0.107120
0.206123
0.350519
0.199770
0.117506
0.152642
0.356031
0.347198
0.292935
0.118783
0.056091
0.049200
0.119421
0.294110
0.344832
0.017223
0.010395
0.011588
0.115510
0.140925
0.166428
0.297520
0.327100
0.080577
0.016345
0.010787
0.101477
0.247086
0.177293
0.133474
0.102042
0.120629
0.333572
0.406179
0.434279
0.083907
0.035870
0.033057
0.107213
0.162943
0.136791
0.147020
0.165403
0.050260
0.014583
0.018770
0.065997
0.130779
0.123312
0.119682
0.143389
0.112226
0.236804
0.383737
0.406773
0.147639
0.144564
0.101570
0.100619
0.091013
0.115243
0.136483
0.116306
0.118017
0.123568
0.139549
0.153527
0.141168
0.166327
0.195348
0.198500
0.214575
0.227038
0.227774
0.164186
0.185290
0.199016
0.155398
0.134819
0.166841
0.197587
0.174557
0.151264
0.164390
0.159748
0.224944
0.190894
0.205202
0.211507
0.253625
0.256276
0.263673
0.303598
0.248872
0.172627
0.147129
0.146051
0.098401
0.140790
0.263140
0.215376
0.148459
0.089841
0.085890
0.143227
0.165431
0.139989
0.145802
0.148528
0.185239
0.212866
0.216488
0.264646
0.164755
0.142173
0.169781
0.161855
0.245330
0.554805
0.584710
0.421036
0.261704
0.124111
0.126180
0.128177
0.126149
0.130017
0.116091
0.108304
0.152728
0.212936
0.212293
0.191034
0.157852
0.114759
0.198791
0.300214
0.757718
0.850516
0.601852
0.503716
0.313480
0.311984
0.235737
0.154239
0.149762
0.129984
0.134828
0.121134
0.095619
0.155548
0.230499
0.259198
0.202330
0.128032
0.259525
0.637987
0.814784
0.726748
0.338628
0.330979
0.303591
0.301876
0.195020
0.171372
0.129539
0.110549
0.094077
0.099146
0.055321
0.081276
0.165644
0.186347
0.173265
0.143369
0.328916
0.626756
0.667176
0.375600
0.251141
0.245311
0.322475
0.230957
0.200699
0.212163
0.192029
0.141400
0.098363
0.120182
0.074305
0.066200
0.135413
0.236556
0.237992
0.153717
0.252853
0.475817
0.490169
0.238399
0.213880
0.171467
0.309594
0.178041
0.163885
0.258872
0.288632
0.105690
0.065153
0.110475
0.097001
0.093451
0.160600
0.202188
0.160398
0.137914
0.177652
0.297171
0.403571
0.336765
0.311004
0.335794
0.231354
0.162324
0.181068
0.233627
0.181459
0.087592
0.067035
0.092979
0.099609
0.092557
0.148539
0.210754
0.203582
0.163131
0.130344
0.167526
0.215438
0.300563
0.244557
0.130680
0.134724
0.101494
0.127918
0.052397
0.047068
0.040448
0.053372
0.082673
0.102248
0.094322
0.154906
0.279564
0.226148
0.149560
0.115585
0.036574
0.092870
0.139837
0.074039
0.068544
0.082474
0.068537
0.050515
0.012156
0.014618
0.037850
0.048546
0.059353
0.094775
0.081865
0.112008
0.185744
0.157286
0.141838
0.129495
0.067488
0.124011
0.139108
0.107379
0.084945
0.105998
0.057989
0.048057
0.018166
0.023923
0.035754
0.047616
0.072873
0.125409
0.094269
0.127744
0.163471
0.175942
0.175419
0.123677
0.041033
0.148230
0.173245
0.152739
0.100820
0.099350
0.061647
0.055276
0.034114
0.025535
0.028798
0.066617
0.130925
0.161593
0.123117
0.159910
0.177736
0.159690
0.148544
0.140279
0.097843
0.102172
0.172764
0.090700
0.085317
0.086832
0.128204
0.144936
0.111521
0.068370
0.087218
0.127505
0.203746
0.237732
0.170450
0.120423
0.115072
0.121227
0.132996
0.140750
0.154981
0.149451
0.110792
0.099237
0.131790
0.194913
0.225804
0.255327
0.261425
0.195673
0.163437
0.206693
0.233219
0.258030
0.118941
0.144134
0.114427
0.113160
0.131743
0.115172
0.172125
0.167794
0.139416
0.122658
0.135707
0.262960
0.364544
0.359552
0.272127
0.231443
0.237665
0.191725
0.168101
0.202406
0.092633
0.110029
0.098551
0.105792
0.093481
0.136286
0.178717
0.136480
0.121485
0.092269
0.077244
0.143525
0.339216
0.379987
0.307491
0.331798
0.265837
0.136647
0.151042
0.086750
0.092183
0.130881
0.120402
0.143687
0.140545
0.049284
0.030453
0.065687
0.063429
0.032468
0.041780
0.086554
0.232606
0.238073
0.131875
0.137787
0.247223
0.133633
0.080351
0.038506
0.042499
0.033660
0.072511
0.159135
0.136023
0.031144
0.019756
0.013546
0.083273
0.045979
0.056123
0.130219
0.190562
0.125249
0.047023
0.035261
0.111015
0.134007
0.089036
0.043251
0.038022
0.066680
0.112083
0.152474
0.182213
0.068972
0.047056
0.031818
0.050377
0.046353
0.062595
0.098946
0.112652
0.079851
0.047660
0.062603
0.089669
0.109555
0.062024
0.040577
0.067756
0.055979
0.078409
0.135410
0.153155
0.190592
0.177745
0.152148
0.142637
0.175773
0.177856
0.162808
0.168537
0.149715
0.147378
0.146615
0.147181
0.126846
0.141608
0.130434
0.118810
0.115384
0.125148
0.178680
0.171795
0.186345
0.185361
0.178742
0.168129
0.160687
0.163843
0.182103
0.177420
0.156919
0.130324
0.139731
0.157546
0.139741
0.134096
0.124164
0.106283
0.103637
0.112965
0.140804
0.144409
0.168110
0.168945
0.141969
0.086422
0.091948
0.093960
0.117477
0.121247
0.167757
0.186556
0.177116
0.129854
0.144740
0.126866
0.144048
0.153348
0.154445
0.155087
0.154396
0.150997
0.121338
0.107811
0.122856
0.067128
0.040835
0.046847
0.076081
0.059935
0.150772
0.199885
0.230643
0.175765
0.104776
0.103434
0.120354
0.144678
0.126722
0.134491
0.200788
0.181366
0.116221
0.084338
0.057859
0.012825
0.009424
0.020439
0.045890
0.145246
0.237932
0.325481
0.268799
0.200153
0.121340
0.099018
0.095188
0.152326
0.139800
0.172443
0.235387
0.204830
0.160390
0.090716
0.011704
0.002085
0.000765
0.003646
0.025827
0.083960
0.122939
0.222917
0.215824
0.115971
0.068247
0.084774
0.069104
0.106490
0.106556
0.115785
0.190541
0.168967
0.185527
0.105139
0.004033
0.000589
0.000338
0.002057
0.014732
0.050409
0.087640
0.126731
0.088656
0.077064
0.061098
0.090819
0.079280
0.107249
0.079128
0.119897
0.178343
0.182977
0.222966
0.159151
0.010581
0.000912
0.000859
0.004830
0.034877
0.082938
0.083577
0.130100
0.077307
0.044935
0.038826
0.063975
0.088337
0.139141
0.090495
0.111817
0.153890
0.171049
0.190135
0.195160
0.039381
0.007109
0.006479
0.024688
0.061441
0.099160
0.093775
0.143303
0.086417
0.038020
0.032777
0.051574
0.088870
0.147298
0.088264
0.105298
0.165157
0.166025
0.153917
0.152990
0.096663
0.024543
0.014934
0.035149
0.065875
0.064409
0.081989
0.045183
0.052817
0.037611
0.044060
0.065277
0.084107
0.109513
0.086221
0.116940
0.189379
0.152284
0.120004
0.046955
0.067869
0.026028
0.012833
0.036176
0.045326
0.060459
0.053240
0.021618
0.025621
0.055316
0.060711
0.069178
0.092822
0.119956
0.078453
0.115773
0.177194
0.151431
0.140918
0.087957
0.067056
0.029757
0.037117
0.039919
0.076297
0.074246
0.066268
0.038076
0.056166
0.055896
0.058918
0.067284
0.104185
0.116039
0.097220
0.100862
0.192829
0.191201
0.181686
0.122155
0.083002
0.039701
0.047783
0.057038
0.076523
0.079822
0.088516
0.092503
0.090545
0.066349
0.064856
0.069850
0.083503
0.122876
0.128940
0.124860
0.191109
0.202829
0.199814
0.183297
0.067768
0.056890
0.033966
0.029989
0.029206
0.078242
0.092257
0.109474
0.102674
0.085873
0.050950
0.040585
0.056026
0.118700
0.128325
0.117843
0.207283
0.198031
0.186951
0.166624
0.082051
0.032861
0.031341
0.034579
0.029837
0.039858
0.064762
0.083336
0.093541
0.059385
0.025478
0.023113
0.037166
0.090206
0.128017
0.133408
0.167899
0.171940
0.179971
0.169994
0.111188
0.056383
0.047751
0.042913
0.044193
0.054407
0.091144
0.069342
0.061746
0.036624
0.013371
0.011038
0.024906
0.053967
0.083559
0.087451
0.125516
0.143297
0.178751
0.150612
0.078828
0.054524
0.047534
0.038444
0.050501
0.157666
0.205853
0.242741
0.159162
0.034003
0.012453
0.013647
0.014368
0.044867
0.069674
0.125247
0.153638
0.121753
0.065785
0.033032
0.025383
0.028430
0.018238
0.016847
0.035746
0.246242
0.526473
0.701375
0.681494
0.170575
0.025251
0.014506
0.009451
0.020750
0.045466
0.123747
0.242462
0.135964
0.032514
0.016591
0.020901
0.115037
0.066444
0.065554
0.126854
0.440650
0.786137
0.934817
0.948103
0.699030
0.112615
0.032220
0.025662
0.042625
0.138267
0.184448
0.246556
0.181042
0.142646
0.056218
0.073233
0.117036
0.126796
0.172620
0.367564
0.655868
0.864994
0.936061
0.909017
0.680606
0.221642
0.142243
0.117442
0.167273
0.219708
0.292481
0.276115
0.148988