0.020870
0.021618
0.017654
0.018887
0.019461
0.018123
0.018145
0.018219
0.019593
0.019489
0.018748
0.019230
0.018770
0.019010
0.016763
0.009166
0.015928
0.019635
0.015802
0.014234
0.017543
0.023415
0.017427
0.018152
0.019897
0.016524
0.018261
0.016998
0.017778
0.017843
0.017348
0.016966
0.017335
0.017659
0.017371
0.010540
0.023236
0.015679
0.017868
0.011422
0.018858
0.028768
0.018378
0.019238
0.021744
0.020677
0.020420
0.020247
0.020162
0.020383
0.020373
0.020443
0.020375
0.020984
0.021218
0.012108
0.024448
0.014371
0.021988
0.008073
0.019428
0.027061
0.017653
0.017616
0.019843
0.018992
0.020151
0.021232
0.020012
0.020171
0.020903
0.021073
0.018988
0.018675
0.016751
0.009144
0.005197
0.002187
0.003648
0.008695
0.019851
0.027829
0.018061
0.018326
0.018091
0.017693
0.018983
0.018455
0.017791
0.020157
0.020962
0.021850
0.022853
0.022308
0.020595
0.022946
0.019191
0.015179
0.028668
0.027363
0.020623
0.027382
0.017450
0.018587
0.023440
0.020432
0.018446
0.015735
0.015575
0.013674
0.016504
0.015841
0.014091
0.013963
0.011284
0.012238
0.016831
0.016632
0.025099
0.024367
0.019301
0.025715
0.016465
0.016946
0.017395
0.016981
0.018373
0.020020
0.018595
0.015253
0.016209
0.017917
0.016993
0.018720
0.010959
0.009885
0.021214
0.025721
0.021275
0.022656
0.019266
0.026628
0.016122
0.016650
0.019093
0.013911
0.014209
0.015836
0.022637
0.019596
0.018168
0.016891
0.015041
0.016420
0.015322
0.013096
0.011169
0.008208
0.012012
0.021071
0.018054
0.024054
0.017900
0.017737
0.022520
0.016834
0.017060
0.022749
0.015560
0.017366
0.017996
0.019217
0.018240
0.018765
0.020737
0.019963
0.020577
0.018629
0.021187
0.019290
0.018898
0.023905
0.015311
0.019423
0.016440
0.013843
0.013183
0.015025
0.014310
0.009272
0.007212
0.007090
0.012167
0.011906
0.012134
0.017192
0.016879
0.018129
0.015239
0.018257
0.018347
0.024511
0.016637
0.017365
0.016891
0.014287
0.027292
0.192808
0.315992
0.320799
0.019949
0.029373
0.019435
0.017919
0.009496
0.012050
0.019682
0.015364
0.013459
0.020177
0.018037
0.020879
0.015380
0.015792
0.014605
0.007662
0.213996
0.838716
0.853706
0.675510
0.036819
0.046196
0.029809
0.026064
0.011870
0.006518
0.016310
0.009620
0.009972
0.022109
0.016641
0.025233
0.021787
0.016914
0.015858
0.011998
0.276308
0.789314
0.781306
0.248593
0.032083
0.024398
0.017331
0.024516
0.031001
0.008106
0.014216
0.012532
0.009699
0.022949
0.016225
0.021938
0.018628
0.014866
0.016649
0.012130
0.115853
0.381228
0.188990
0.038535
0.016156
0.013413
0.011833
0.030454
0.041002
0.009224
0.018567
0.014663
0.009123
0.022783
0.018265
0.019928
0.015793
0.014255
0.010226
0.013006
0.007162
0.013286
0.019772
0.020822
0.010904
0.015795
0.014858
0.032226
0.039683
0.016980
0.017603
0.014843
0.012197
0.022921
0.020902
0.020634
0.018634
0.016756
0.021647
0.011458
0.009822
0.010145
0.011335
0.011130
0.012557
0.009920
0.013609
0.009598
0.012089
0.023527
0.016134
0.016943
0.017361
0.016234
0.019275
0.021339
0.017227
0.012494
0.015718
0.015721
0.010363
0.007964
0.010677
0.011596
0.013215
0.011882
0.012193
0.011288
0.009977
0.017667
0.013780
0.015019
0.015574
0.012377
0.015561
0.013306
0.004269
0.006015
0.010012
0.008655
0.001985
0.008354
0.011499
0.013388
0.008109
0.013248
0.012004
0.013127
0.007536
0.005480
0.007861
0.007721
0.009664
0.008886
0.021419
0.018283
0.008333
0.009877
0.025485
0.023848
0.003532
0.011071
0.015334
0.013508
0.004805
0.012916
0.014517
0.007907
0.006626
0.005449
0.008271
0.019105
0.020504
0.016259
0.015488
0.017488
0.012401
0.015234
0.020857
0.016919
0.009175
0.019232
0.015985
0.019975
0.011778
0.015219
0.015948
0.015397
0.013670
0.015048
0.017860
0.017159
0.020810
0.018934
0.311633
0.412159
0.609653
0.620752
0.583430
0.558767
0.603754
0.600511
0.621157
0.603444
0.622861
0.613666
0.540371
0.378975
0.340588
0.582270
0.492295
0.092955
-0.381984
-0.426825
0.618482
0.806880
1.073995
0.974803
0.870457
0.812705
0.806356
0.809298
0.813245
0.814961
0.796545
0.784439
0.714950
0.519928
0.461942
0.699923
0.654009
0.172567
-0.379727
-0.566573
0.558653
0.773953
1.082379
1.052848
0.922114
0.840928
0.710535
0.706523
0.695847
0.691686
0.662786
0.680496
0.662317
0.578091
0.494491
0.728095
0.546782
0.083984
-0.338211
-0.595171
0.525896
0.738019
0.978538
0.911413
0.734831
0.575713
0.541588
0.511483
0.506621
0.458408
0.447836
0.471610
0.388738
0.372367
0.331904
0.447112
0.348246
0.049627
-0.296401
-0.501869
0.442321
0.691011
0.941907
0.840653
0.604944
0.304902
0.302473
0.254759
0.236471
0.203365
0.203827
0.210008
0.175875
0.178694
0.173777
0.257587
0.232593
0.063020
-0.152377
-0.448928
0.407403
0.617917
0.870524
0.752515
0.478181
0.166229
0.060349
-0.011483
0.035054
0.069808
0.067641
0.089804
0.121248
0.119095
0.141968
0.218921
0.210051
0.152242
0.032743
-0.278014
0.397365
0.575498
0.739935
0.492887
0.221934
-0.069289
0.077724
0.036602
-0.014637
-0.000844
0.049230
0.139371
0.155440
0.099476
0.124759
0.208017
0.267156
0.287727
0.194559
-0.098132
0.364364
0.526719
0.598674
0.258561
-0.003307
-0.153848
0.035957
0.067654
0.044322
-0.060050
-0.026203
0.125981
0.182170
0.143194
0.141176
0.174804
0.314865
0.344489
0.268005
0.010277
0.344258
0.463262
0.435665
0.167753
-0.108802
-0.228266
0.059881
0.182319
0.063822
-0.313301
-0.157127
0.169171
0.144401
0.164326
0.040030
0.133101
0.173251
0.238331
0.189451
0.084028
0.334535
0.360234
0.326054
0.041972
-0.257199
-0.071177
0.439623
0.549322
0.037622
-0.783252
-0.469206
0.178676
0.055891
-0.002444
-0.079667
0.032883
0.086716
0.074072
0.071289
0.051740
0.314725
0.305532
0.218888
-0.066037
-0.316706
0.536691
1.098114
0.927090
-0.044393
-1.220867
-0.576717
0.245564
-0.028803
-0.151703
-0.222882
-0.122963
0.015714
-0.030288
-0.065551
0.012835
0.271334
0.268481
0.123453
-0.190595
-0.087759
1.381302
1.401081
0.707199
-0.470538
-1.524228
-0.614177
0.225224
0.072218
-0.064148
-0.373063
-0.355531
-0.079303
-0.044397
-0.053699
0.037457
0.226509
0.257295
0.081859
-0.282969
-0.006135
1.737440
1.652891
0.562880
-0.545076
-1.572973
-0.536130
0.235415
0.282270
-0.021368
-0.523893
-0.651826
-0.207487
-0.064358
0.004310
0.028107
0.150477
0.228336
0.040064
-0.333899
0.123014
1.584628
1.415547
0.219489
-0.707766
-1.333960
-0.374643
0.102686
0.379142
0.053086
-0.531293
-0.808428
-0.268470
-0.060380
0.029329
-0.036936
0.167614
0.168207
0.024453
-0.266938
0.020455
0.917546
0.906564
0.084715
-0.618849
-0.955635
-0.299177
-0.036095
0.387921
0.100460
-0.472877
-0.859559
-0.293869
-0.037547
-0.013315
-0.027031
0.134671
0.103633
-0.050093
-0.197328
-0.039403
0.445809
0.476835
0.208906
-0.338916
-0.611226
-0.355109
-0.056359
0.213555
0.120286
-0.311788
-0.653164
-0.261074
-0.049855
-0.001300
-0.017880
0.022408
-0.022101
-0.186618
-0.068909
-0.080411
-0.159416
0.088846
0.313926
-0.173324
-0.574901
-0.593513
-0.063697
-0.022953
-0.079719
-0.299282
-0.354068
-0.021287
-0.017654
-0.123544
-0.186810
0.036996
-0.199908
-0.445993
0.484947
0.096900
-0.485394
0.061427
0.756618
-0.036969
-0.744561
-0.855284
-0.123179
-0.291999
-0.346180
-0.231826
0.016831
0.334359
0.034812
-0.470661
-0.684823
0.091776
-0.092935
-0.299875
0.549941
0.089873
-0.342945
0.293643
0.691563
0.009145
-0.568921
-0.656628
-0.032501
-0.189537
-0.164777
0.008406
0.252428
0.397440
0.055294
-0.419146
-0.750094
0.042554
-0.127430
-0.400249
0.454810
0.066437
-0.324711
0.094608
0.543993
0.021214
-0.555798
-0.653941
-0.121864
-0.240343
-0.174008
-0.036183
0.262545
0.381890
0.082699
-0.374793
-0.799137
-0.825940
-0.913253
-1.006780
-0.978427
-0.887645
-0.845197
-0.862145
-0.851724
-0.869167
-0.841660
-0.812896
-0.817513
-0.695614
-0.654808
-0.433737
-0.225333
-0.045188
0.073765
0.145567
0.020159
-0.808820
-0.957301
-0.984161
-0.952825
-0.866362
-0.862062
-0.831263
-0.797661
-0.781905
-0.775061
-0.734808
-0.730153
-0.626783
-0.492236
-0.288495
-0.185052
-0.169763
-0.098755
-0.049302
-0.046555
-0.658612
-0.647326
-0.577084
-0.499607
-0.394435
-0.406259
-0.384410
-0.419973
-0.382502
-0.330224
-0.262550
-0.187478
-0.024035
0.101882
0.323489
0.285105
0.183539
0.241997
0.204237
0.366195
-0.678541
-0.694215
-0.686914
-0.543592
-0.366067
-0.268913
-0.247461
-0.190075
-0.219894
-0.247408
-0.184166
-0.105073
0.020746
0.149514
0.159259
0.300497
0.491222
0.585924
0.714683
0.701027
-0.634634
-0.631441
-0.546962
-0.416457
-0.264828
-0.143869
-0.035864
-0.010540
-0.039084
-0.081433
-0.071483
-0.023795
-0.023429
0.034463
0.168307
0.263395
0.410485
0.567195
0.684368
0.720606
-0.639973
-0.627953
-0.502680
-0.345149
-0.083573
-0.005712
0.083669
0.180930
0.220717
0.240192
0.141882
0.121929
0.086739
0.049915
0.030482
0.041399
0.060044
0.065054
0.151509
0.245313
-0.564031
-0.515205
-0.381265
-0.149627
0.002930
0.086397
-0.048204
-0.022736
-0.069755
-0.074729
-0.049061
0.000880
0.025909
0.043365
-0.069360
-0.240023
-0.404990
-0.427225
-0.548037
-0.439406
-0.529654
-0.452410
-0.299309
-0.055243
0.049708
-0.051458
-0.058342
-0.033919
-0.051169
-0.046649
-0.017761
0.089943
0.142706
0.057545
-0.099747
-0.207890
-0.358433
-0.442152
-0.573249
-0.660677
-0.463268
-0.326837
-0.163808
0.016445
0.055404
0.153211
0.358178
0.594786
0.733521
0.654928
0.556778
0.488558
0.366523
0.261427
0.133605
0.149798
0.141490
-0.092892
-0.140577
-0.244086
-0.425339
-0.241211
-0.076856
0.127969
0.287746
0.508914
1.028522
1.580972
1.796812
1.576020
1.231711
0.818011
0.608267
0.475116
0.314947
0.144816
0.019911
0.092186
-0.018699
-0.042667
-0.335375
-0.142706
0.065345
0.317383
0.526270
0.904390
1.380228
1.887002
1.852124
1.587021
1.287628
0.828785
0.658774
0.555832
0.428647
0.243232
-0.007863
0.020028
0.140124
0.229790
-0.296982
-0.129027
0.024103
0.341293
0.379769
0.497093
0.630559
0.482164
0.393957
0.199408
0.240541
0.238177
0.238769
0.313682
0.513755
0.427853
0.146279
0.189142
0.285275
0.267357
-0.182353
-0.015105
0.070860
0.152337
0.006896
-0.176348
-0.253028
-0.427983
-0.708774
-0.837483
-0.613747
-0.331370
0.005969
0.187982
0.312939
0.309727
0.090478
0.158899
0.069420
0.067004
-0.093463
0.062427
0.228537
0.075321
-0.285376
-0.875386
-1.250028
-1.498146
-1.555234
-1.350211
-0.967989
-0.593004
-0.228542
0.057347
0.101918
0.040439
-0.081241
-0.027088
-0.130122
-0.238694
-0.150598
0.062173
0.254894
0.029606
-0.333312
-0.587712
-1.054817
-1.230989
-1.163089
-0.905272
-0.682436
-0.483347
-0.458445
-0.372021
-0.356691
-0.351722
-0.292738
-0.124781
-0.302223
-0.460082
-0.203369
0.036088
0.192843
0.044516
-0.023200
-0.111537
-0.365167
-0.449586
-0.342930
-0.332379
-0.298369
-0.278391
-0.370284
-0.472449
-0.587208
-0.587116
-0.464171
-0.241503
-0.248289
-0.358611
0.055588
0.265470
0.327857
0.416908
0.413038
0.475887
0.482897
0.384943
0.363398
0.199201
0.077796
-0.023648
-0.157068
-0.244061
-0.265968
-0.169044
-0.012115
0.225932
0.245045
0.160668
0.310645
0.480646
0.755759
1.056066
1.080184
0.937498
0.756209
0.664405
0.590100
0.578356
0.428478
0.261509
0.168466
0.148243
0.158212
0.367770
0.761777
1.018059
1.016866
0.840359
0.075556
0.275496
0.551755
0.574824
0.459053
0.424196
0.329199
0.149013
0.052999
0.041515
0.051395
0.023042
0.000283
0.024065
0.097419
0.239183
0.357618
0.399509
0.469378
0.392511
-0.297965
-0.139347
-0.006727
-0.143236
-0.270840
-0.174707
-0.201730
-0.522762
-0.662173
-0.547044
-0.432324
-0.353776
-0.310760
-0.242065
-0.227072
-0.274435
-0.351463
-0.339826
-0.268480
-0.143658
-0.363782
-0.035010
0.359683
0.318414
0.205804
0.079253
-0.015090
-0.021638
-0.004634
-0.016528
-0.011447
0.001916
-0.097544
-0.275342
-0.369410
-0.429228
-0.667672
-0.814215
-0.915500
-1.014618
-0.027144
0.399629
0.783628
0.651011
0.522373
0.395386
0.273032
0.225900
0.230023
0.241005
0.183030
0.168432
0.022339
-0.161636
-0.318116
-0.439187
-0.733951
-0.916790
-0.988375
-0.997905
-0.137104
0.297014
0.712604
0.583832
0.297796
0.144180
-0.038096
-0.036201
-0.079752
-0.133569
-0.185952
-0.201964
-0.297277
-0.465776
-0.729281
-0.806953
-1.032087
-1.177669
-1.109977
-1.143092
-0.160157
0.261181
0.601681
0.397635
0.098524
-0.112554
-0.327304
-0.431644
-0.462589
-0.484428
-0.549535
-0.568781
-0.709005
-0.784066
-0.938327
-1.026102
-1.138752
-1.216984
-1.195627
-1.251239
-0.237877
0.166247
0.520895
0.218002
-0.083612
-0.422509
-0.725499
-0.823995
-0.909718
-0.954687
-0.978733
-0.982177
-1.015897
-1.051655
-1.120989
-1.154673
-1.115548
-1.112092
-1.180630
-1.202945
-0.274495
0.094586
0.425112
0.084594
-0.289267
-0.658646
-1.098246
-1.319225
-1.370320
-1.369940
-1.379486
-1.371953
-1.335160
-1.320286
-1.244551
-1.107651
-1.069211
-0.974811
-1.055084
-1.148146
-0.343987
-0.032643
0.153635
-0.230834
-0.609801
-1.004469
-1.452517
-1.628528
-1.690603
-1.686412
-1.695563
-1.671930
-1.627004
-1.543240
-1.452725
-1.253268
-1.062307
-0.937876
-0.994357
-1.124941
-0.371157
-0.093185
0.019158
-0.421067
-0.894987
-1.367806
-1.649742
-1.741491
-1.791968
-1.807844
-1.844703
-1.824076
-1.776894
-1.694403
-1.543177
-1.342682
-1.037330
-0.880047
-0.964570
-1.070374
-0.483930
-0.271257
-0.125764
-0.626924
-1.307288
-1.674707
-1.869461
-1.927233
-1.964341
-2.014991
-2.031352
-1.981308
-1.890512
-1.826968
-1.734109
-1.534577
-1.336359
-1.075592
-1.075132
-1.164690
-0.502487
-0.396580
-0.277708
-0.906543
-1.653078
-1.946286
-2.010363
-2.064386
-2.113215
-2.136352
-2.171840
-2.146734
-1.987350
-1.930076
-1.878471
-1.783329
-1.579388
-1.367513
-1.332686
-1.290738
-0.584546
-0.525794
-0.498000
-1.194238
-1.886108
-2.077435
-2.043463
-2.076191
-2.125314
-2.216805
-2.221874
-2.164661
-1.980130
-1.932745
-1.945786
-1.896742
-1.770627
-1.648612
-1.549134
-1.426273
-0.644353
-0.601642
-0.629841
-1.410697
-1.977280
-2.064488
-2.022889
-1.984612
-1.978558
-2.203624
-2.192568
-2.116478
-1.924853
-1.882561
-1.945087
-1.919661
-1.872410
-1.782115
-1.704219
-1.514025
-0.747183
-0.739766
-0.730714
-1.462131
-2.068699
-2.125046
-2.006565
-1.945388
-1.926019
-2.173826
-2.145954
-2.051146
-1.865145
-1.817297
-1.916614
-1.942888
-1.903658
-1.828682
-1.712512
-1.496195
-0.832034
-0.861978
-0.953071
-1.626802
-2.116545
-2.130542
-1.995320
-1.915019
-1.872989
-2.115067
-2.127658
-2.039675
-1.879743
-1.849491
-1.919399
-1.981397
-1.966979
-1.822869
-1.708902
-1.440552
-0.931426
-1.008104
-1.187045
-1.784038
-2.112764
-2.085019
-1.989259
-1.917705
-1.927309
-2.101037
-2.155806
-2.083823
-1.937885
-1.888715
-1.942589
-1.979661
-1.998273
-1.846230
-1.669597
-1.435953
-0.960126
-1.104995
-1.343372
-1.804901
-2.068467
-2.097414
-2.024742
-1.988992
-1.974079
-2.072526
-2.118776
-2.096059
-2.001870
-1.956940
-1.958036
-1.985552
-1.928183
-1.856490
-1.683316
-1.473995
-1.014568
-1.138580
-1.393398
-1.718989
-1.964414
-1.992509
-1.931790
-1.909901
-1.885307
-1.930906
-1.981364
-2.010870
-1.972994
-1.931665
-1.942567
-1.871345
-1.800393
-1.705366
-1.579299
-1.423511
-1.077044
-1.158820
-1.299551
-1.611837
-1.837066
-1.799578
-1.612627
-1.638358
-1.650484
-1.637191
-1.656009
-1.767115
-1.768128
-1.747337
-1.750043
-1.638597
-1.521070
-1.429149
-1.310831
-1.284063
-1.190113
-1.313606
-1.373448
-1.613368
-1.729203
-1.717069
-1.526541
-1.538990
-1.484040
-1.500788
-1.522033
-1.624102
-1.652820
-1.631368
-1.615952
-1.467968
-1.400217
-1.327946
-1.277665
-1.240933
-1.246668
-1.267699
-1.257288
-1.465736
-1.559827
-1.482745
-1.319327
-1.378539
-1.349272
-1.333950
-1.335285
-1.407880
-1.486920
-1.445381
-1.415864
-1.307135
-1.264354
-1.242789
-1.206515
-1.222938
0.162041
0.412780
0.738020
0.710263
0.610445
0.508977
0.426379
0.411531
0.431867
0.421415
0.424186
0.428025
0.294318
0.105427
-0.006952
-0.064362
-0.286986
-0.408421
-0.600602
-0.697492
0.508583
0.858098
1.145922
1.016717
0.898575
0.795875
0.696484
0.656934
0.655872
0.661151
0.605487
0.586577
0.418006
0.234111
0.055592
-0.123025
-0.383535
-0.559829
-0.704491
-0.751333
0.453953
0.806223
1.104757
0.980366
0.717140
0.597100
0.425898
0.432936
0.392542
0.352667
0.298867
0.287476
0.162016
-0.005580
-0.337644
-0.516379
-0.758726
-0.920481
-0.883496
-0.936834
0.427168
0.776506
1.027664
0.814976
0.504265
0.320111
0.145614
0.052932
0.017691
0.017645
-0.050805
-0.069099
-0.229391
-0.331902
-0.537120
-0.731760
-0.908975
-1.036939
-1.076181
-1.090613
0.336247
0.689395
0.948054
0.648040
0.326438
-0.013230
-0.297939
-0.392225
-0.421060
-0.427922
-0.460164
-0.484257
-0.536795
-0.595679
-0.708717
-0.811553
-0.828549
-0.874413
-0.955395
-0.922604
0.306552
0.619054
0.841292
0.504722
0.129161
-0.217939
-0.627329
-0.812684
-0.837607
-0.814510
-0.832529
-0.819752
-0.822878
-0.825349
-0.768946
-0.684540
-0.660000
-0.604144
-0.665981
-0.736979
0.230772
0.485651
0.573528
0.178701
-0.179845
-0.530785
-0.920402
-1.073123
-1.137964
-1.157008
-1.150036
-1.129900
-1.109105
-1.034314
-0.923477
-0.747725
-0.527608
-0.393342
-0.488412
-0.634781
0.195736
0.412353
0.428782
-0.026363
-0.471358
-0.889870
-1.172437
-1.245891
-1.260879
-1.268018
-1.282493
-1.255346
-1.231796
-1.154899
-0.972548
-0.793204
-0.470629
-0.327819
-0.471832
-0.594733
0.073511
0.218353
0.237289
-0.240135
-0.843913
-1.183080
-1.395788
-1.456421
-1.484769
-1.493375
-1.471431
-1.437356
-1.385665
-1.294629
-1.146097
-0.918772
-0.720021
-0.518170
-0.576083
-0.655254
0.043195
0.081975
0.050104
-0.484589
-1.113585
-1.418819
-1.595779
-1.653318
-1.640118
-1.597805
-1.575210
-1.576585
-1.549669
-1.490699
-1.337573
-1.190828
-1.009406
-0.791973
-0.799203
-0.861605
-0.044845
-0.076725
-0.170283
-0.743300
-1.286313
-1.499220
-1.503176
-1.555059
-1.534875
-1.523005
-1.482233
-1.495878
-1.505350
-1.497574
-1.443458
-1.367256
-1.242039
-1.109247
-1.008533
-1.026425
-0.121199
-0.173906
-0.285300
-0.891157
-1.283441
-1.361385
-1.346885
-1.362776
-1.358063
-1.381984
-1.326027
-1.316299
-1.363479
-1.429560
-1.449013
-1.398870
-1.332806
-1.235510
-1.142054
-1.066598
-0.229234
-0.291091
-0.368211
-0.883047
-1.310159
-1.381268
-1.289350
-1.246612
-1.250627
-1.268047
-1.193800
-1.225768
-1.283462
-1.331629
-1.415974
-1.424169
-1.379167
-1.230865
-1.120862
-1.001582
-0.366474
-0.431850
-0.551734
-0.955851
-1.261417
-1.284636
-1.191992
-1.147188
-1.119129
-1.157475
-1.188728
-1.291574
-1.412289
-1.474743
-1.553037
-1.519059
-1.414893
-1.249038
-1.144913
-0.976397
-0.503883
-0.621348
-0.744665
-1.101377
-1.269373
-1.227140
-1.185216
-1.219920
-1.235618
-1.261313
-1.329026
-1.441038
-1.530128
-1.591949
-1.602619
-1.524450
-1.432387
-1.265613
-1.184425
-0.994080
-0.607569
-0.736315
-0.849944
-1.144369
-1.282522
-1.365584
-1.371239
-1.384909
-1.381628
-1.419533
-1.484605
-1.543239
-1.571071
-1.598199
-1.583574
-1.467975
-1.342114
-1.232051
-1.186034
-1.043286
-0.743415
-0.797683
-0.882000
-1.036855
-1.201771
-1.228792
-1.216865
-1.180205
-1.177107
-1.230270
-1.307749
-1.406020
-1.468890
-1.520493
-1.507904
-1.423794
-1.341550
-1.281049
-1.266024
-1.159774
-0.833774
-0.866460
-0.962950
-1.117905
-1.208834
-1.179669
-1.047539
-0.990000
-0.981282
-1.007918
-1.026332
-1.102849
-1.147756
-1.229796
-1.247495
-1.226224
-1.186228
-1.187944
-1.175741
-1.123375
-0.977515
-1.070377
-1.139359
-1.255726
-1.265040
-1.212836
-1.103333
-1.015097
-0.947080
-0.991327
-1.016282
-1.036813
-1.047259
-1.117694
-1.156509
-1.195520
-1.215016
-1.247622
-1.239193
-1.192934
-1.067695
-1.086377
-1.088850
-1.199912
-1.207444
-1.111115
-1.026155
-1.022300
-0.988597
-0.962872
-0.972824
-0.975546
-0.996372
-1.015092
-1.050097
-1.145811
-1.236677
-1.259610
-1.218643
-1.147956
0.085433
0.114539
0.100576
0.141083
0.147911
0.161069
0.189717
0.178052
0.174986
0.162626
0.168793
0.175911
0.171214
0.188991
0.212571
0.245287
0.174416
0.114061
0.206807
0.356911
0.057135
0.090373
0.173584
0.191074
0.208858
0.224482
0.236413
0.216154
0.202056
0.189952
0.217158
0.244013
0.262995
0.269534
0.233992
0.263096
0.236960
0.241436
0.277954
0.352901
0.049250
0.059332
0.083936
0.150950
0.172786
0.212219
0.224249
0.208806
0.251403
0.272187
0.266579
0.309368
0.260575
0.248398
0.226483
0.336779
0.197346
0.171842
0.272044
0.294241
0.068679
0.066969
0.095838
0.216586
0.251001
0.203249
0.211248
0.220814
0.282070
0.283863
0.313127
0.305107
0.283399
0.266223
0.301350
0.245377
0.277681
0.352983
0.396555
0.307729
0.073650
0.077361
0.081709
0.160102
0.218027
0.219776
0.249168
0.258460
0.257180
0.309828
0.330913
0.341916
0.351676
0.310903
0.264084
0.183920
0.288349
0.558363
0.358772
0.333006
0.077524
0.107809
0.142457
0.228729
0.217617
0.274787
0.357042
0.305754
0.302094
0.331466
0.357383
0.374604
0.325457
0.304502
0.275855
0.231022
0.255241
0.345406
0.222949
0.190060
0.079403
0.114835
0.134868
0.184097
0.245238
0.242916
0.299421
0.273397
0.212013
0.178460
0.212692
0.232693
0.192832
0.148357
0.202923
0.156390
0.145603
0.158898
0.143798
0.189116
0.104117
0.140776
0.143864
0.243114
0.305771
0.165970
0.204282
0.207813
0.155303
0.099468
0.117006
0.104499
0.074839
0.059900
0.126682
0.147115
0.134000
0.142230
0.193821
0.247466
0.117513
0.153978
0.158043
0.180461
0.236237
0.379067
0.226975
0.226701
0.181739
0.100591
0.090497
0.073544
0.054583
0.030468
0.097342
0.236975
0.278409
0.346591
0.194119
0.303176
0.121870
0.182389
0.227418
0.151286
0.250244
0.208920
0.230971
0.102181
0.010384
0.003963
0.010633
0.041364
0.062265
0.045606
0.121515
0.246150
0.348671
0.359019
0.137995
0.237218
0.138533
0.181319
0.281753
0.242806
0.380469
0.440721
0.142760
0.001705
0.000201
0.000087
0.001175
0.016132
0.022636
0.018668
0.108676
0.222209
0.296018
0.333534
0.180389
0.194633
0.128109
0.233974
0.297069
0.306245
0.295008
0.054018
0.004121
0.000058
0.000005
0.000005
0.000229
0.003675
0.011103
0.012172
0.105193
0.223751
0.332537
0.374878
0.256763
0.168857
0.176409
0.348771
0.432348
0.472838
0.160314
0.026045
0.002579
0.000035
0.000001
0.000003
0.000461
0.004638
0.033279
0.047425
0.203413
0.277912
0.303223
0.304007
0.202902
0.185010
0.157030
0.302178
0.458423
0.372564
0.132749
0.050542
0.004998
0.000647
0.000227
0.000865
0.008975
0.027240
0.094598
0.282065
0.291233
0.311494
0.261727
0.216280
0.213741
0.166697
0.196366
0.354847
0.367101
0.190737
0.159733
0.077451
0.056412
0.019285
0.021489
0.010715
0.051496
0.097474
0.342322
0.461455
0.195138
0.136157
0.297451
0.247689
0.223894
0.218489
0.221780
0.425898
0.262230
0.150135
0.284984
0.162670
0.293665
0.166747
0.120700
0.131679
0.115922
0.344752
0.259098
0.332832
0.174675
0.191826
0.202649
0.239987
0.143674
0.250300
0.262136
0.255853
0.191983
0.183276
0.189601
0.210987
0.293265
0.329136
0.177575
0.146589
0.128852
0.376742
0.302796
0.462806
0.224584
0.351967
0.296069
0.339573
0.203939
0.206240
0.215702
0.299051
0.377715
0.554879
0.504583
0.390069
0.270105
0.151103
0.119666
0.144913
0.103691
0.132318
0.210396
0.245805
0.144112
0.301729
0.441770
0.505797
0.422320
0.303842
0.290339
0.273121
0.376836
0.620087
0.639317
0.307533
0.301075
0.289047
0.247820
0.205036
0.096979
0.077022
0.106338
0.162895
0.151240
0.351512
0.445475
0.405597
0.137963
0.126963
0.265217
0.257243
0.264648
0.271291
0.209955
0.172065
0.195344
0.160615
0.263899
0.193416
0.118617
0.078565
0.075721
0.133007
0.160002
0.195324
0.231896
0.184957
0.066949
0.092052
0.203059
0.178331
0.231578
0.212530
0.190044
0.181886
0.160373
0.174437
0.176338
0.170755
0.172028
0.175209
0.170688
0.195223
0.181258
0.205356
0.116290
0.146685
0.122232
0.144039
0.197890
0.107749
0.158352
0.186334
0.185693
0.165515
0.104670
0.109350
0.113488
0.107329
0.118233
0.126111
0.104475
0.109222
0.133354
0.136946
0.082327
0.097715
0.128459
0.123213
0.307819
0.205879
0.316547
0.275581
0.204126
0.212902
0.207645
0.207582
0.165133
0.184598
0.190758
0.165089
0.189439
0.211607
0.202955
0.185152
0.115194
0.131199
0.133616
0.129530
0.290854
0.167254
0.311146
0.284012
0.242163
0.247612
0.217595
0.205231
0.180698
0.164284
0.162066
0.177026
0.185667
0.180729
0.203287
0.283839
0.206034
0.138835
0.080933
0.138580
0.289491
0.181049
0.302637
0.298942
0.292057
0.289286
0.211800
0.215467
0.182158
0.182407
0.181568
0.176816
0.185201
0.209407
0.228279
0.297198
0.230856
0.136409
0.087434
0.083905
0.279884
0.176737
0.294820
0.273433
0.248590
0.249686
0.157704
0.154709
0.169783
0.160903
0.157550
0.177404
0.180540
0.199869
0.220962
0.200202
0.240071
0.216924
0.104831
0.060162
0.266877
0.165099
0.300075
0.284856
0.250059
0.239376
0.192115
0.132602
0.104830
0.088781
0.089983
0.109155
0.148588
0.165242
0.197078
0.190580
0.224579
0.227035
0.127121
0.074777
0.260750
0.162268
0.311343
0.257214
0.189720
0.176967
0.109666
0.064244
0.050700
0.031403
0.033642
0.068404
0.078067
0.092140
0.150245
0.212134
0.240088
0.304529
0.184350
0.110199
0.247984
0.187668
0.317937
0.266112
0.220530
0.115202
0.085429
0.035625
0.019342
0.014528
0.013431
0.035593
0.066754
0.062500
0.108554
0.170912
0.205223
0.205316
0.293537
0.227729
0.250763
0.192544
0.322843
0.315368
0.142393
0.125100
0.056156
0.011570
0.002207
0.002577
0.010363
0.054591
0.085293
0.069535
0.104881
0.160807
0.191421
0.167771
0.198703
0.215205
0.240621
0.175022
0.284278
0.384511
0.206791
0.066846
0.033049
0.000984
0.000129
0.000299
0.004792
0.054261
0.082134
0.127033
0.142267
0.167178
0.165518
0.168438
0.209164
0.207937
0.245780
0.218590
0.316096
0.334569
0.208910
0.071527
0.008951
0.000158
0.000034
0.000101
0.002939
0.046519
0.104434
0.159679
0.179956
0.166866
0.147099
0.165694
0.179086
0.175539
0.238421
0.172502
0.247304
0.210210
0.139439
0.046768
0.005717
0.000115
0.000036
0.000272
0.011943
0.036204
0.055017
0.123964
0.150425
0.129691
0.144539
0.156061
0.153664
0.125363
0.262678
0.165362
0.177758
0.191986
0.132885
0.072608
0.009911
0.001336
0.001884
0.008146
0.060283
0.086085
0.052478
0.119681
0.147004
0.112516
0.133795
0.172795
0.136030
0.101376
0.221719
0.149031
0.204786
0.230615
0.154192
0.105800
0.049600
0.044060
0.090931
0.135810
0.159885
0.134839
0.100575
0.150634
0.180726
0.192342
0.197435
0.126064
0.175486
0.110695
0.190831
0.132990
0.173288
0.223528
0.167731
0.166951
0.136470
0.157883
0.232880
0.238612
0.194668
0.130998
0.203261
0.178753
0.194334
0.233896
0.209714
0.105834
0.185683
0.151825
0.186111
0.145556
0.154145
0.110165
0.173714
0.216118
0.172238
0.139121
0.205080
0.132665
0.113005
0.070685
0.116203
0.123134
0.242954
0.177886
0.205654
0.112693
0.129187
0.113600
0.255955
0.163150
0.107380
0.115976
0.167001
0.137835
0.136504
0.134674
0.148584
0.130553
0.087726
0.068052
0.110443
0.173899
0.369062
0.250364
0.216458
0.110993
0.059755
0.062930
0.161982
0.139740
0.174101
0.103554
0.157856
0.321535
0.239909
0.113221
0.075152
0.084216
0.054571
0.050252
0.074609
0.137616
0.217021
0.139161
0.057858
0.028104
0.028188
0.037779
0.157530
0.152191
0.288052
0.517084
0.571838
0.611508
0.476736
0.365396
0.140308
0.128231
0.080580
0.073019
0.076930
0.147683
0.217934
0.155032
0.108519
0.050225
0.040024
0.070926
0.193739
0.195986
0.182345
0.182256
0.176334
0.171351
0.166337
0.168092
0.178436
0.186594
0.182219
0.191800
0.177486
0.164561
0.155864
0.125888
0.087755
0.088719
0.113268
0.168052
0.102548
0.090891
0.085405
0.074656
0.068625
0.066490
0.071764
0.072500
0.070018
0.072592
0.070944
0.075561
0.073363
0.073499
0.094167
0.071057
0.046752
0.036114
0.062878
0.130919
0.114709
0.105231
0.100361
0.090434
0.114616
0.110092
0.129658
0.128902
0.140407
0.127197
0.128947
0.123587
0.116897
0.119944
0.134152
0.099262
0.060226
0.049549
0.082473
0.167050
0.124634
0.106862
0.095133
0.083107
0.093731
0.110874
0.115990
0.116894
0.128612
0.138088
0.139082
0.119483
0.125862
0.138218
0.148448
0.086105
0.092336
0.076604
0.171904
0.293428
0.118041
0.107610
0.092164
0.085368
0.067423
0.074313
0.104082
0.109164
0.118107
0.120222
0.124981
0.130833
0.121499
0.119470
0.113838
0.098004
0.086111
0.091674
0.292102
0.332181
0.127454
0.118678
0.090723
0.086008
0.091825
0.120915
0.143124
0.152926
0.167330
0.175932
0.198927
0.165975
0.165123
0.154764
0.126937
0.139430
0.141367
0.160256
0.297345
0.408530
0.127535
0.116588
0.084705
0.081629
0.100765
0.127508
0.172985
0.220652
0.224448
0.212115
0.178321
0.186554
0.199726
0.205166
0.134514
0.158402
0.119435
0.180988
0.257808
0.349806
0.125200
0.119195
0.100627
0.130120
0.136756
0.211656
0.297660
0.253930
0.183169
0.121086
0.117320
0.129211
0.127169
0.177819
0.181541
0.168393
0.136856
0.113190
0.150253
0.240273
0.131964
0.123538
0.107968
0.140384
0.139737
0.150337
0.225719
0.187571
0.096109
0.078761
0.072024
0.115636
0.137844
0.129352
0.166026
0.142972
0.144281
0.127556
0.096939
0.141918
0.133041
0.117516
0.127160
0.155422
0.183864
0.224763
0.183311
0.048884
0.013260
0.020923
0.069140
0.147343
0.126786
0.136109
0.189179
0.188264
0.174849
0.171395
0.147525
0.146410
0.140341
0.112338
0.127626
0.101364
0.099650
0.151326
0.079009
0.004610
0.001787
0.005776
0.042489
0.182672
0.176600
0.208111
0.245821
0.205804
0.206243
0.166931
0.152205
0.162117
0.135100
0.130342
0.120353
0.090303
0.113750
0.147386
0.038997
0.001345
0.000430
0.001366
0.027986
0.182970
0.318505
0.243451
0.252644
0.256008
0.219398
0.173074
0.230328
0.243034
0.144273
0.129876
0.097218
0.093655
0.178648
0.141999
0.047445
0.001632
0.000447
0.003007
0.052701
0.184531
0.248867
0.216015
0.262109
0.247631
0.196966
0.178117
0.257111
0.329988
0.148022
0.132090
0.131388
0.154535
0.147204
0.165284
0.039442
0.006999
0.007526
0.031782
0.128738
0.225554
0.255149
0.160654
0.229891
0.179634
0.188460
0.201475
0.289679
0.434551
0.163265
0.135946
0.138581
0.179128
0.167524
0.146237
0.104351
0.112781
0.121911
0.207098
0.306415
0.246379
0.176336
0.139594
0.235227
0.226554
0.198100
0.234635
0.252302
0.391156
0.172966
0.149498
0.200771
0.237204
0.181319
0.168966
0.145570
0.146654
0.261590
0.287144
0.336593
0.220128
0.203533
0.251913
0.377353
0.271672
0.291950
0.336113
0.266737
0.268187
0.153910
0.170966
0.228901
0.319361
0.324636
0.262514
0.210609
0.188347
0.248259
0.311435
0.352676
0.209050
0.232892
0.206751
0.369277
0.218552
0.209799
0.267334
0.257906
0.272284
0.165029
0.118302
0.270659
0.174092
0.208187
0.335337
0.456157
0.553346
0.523016
0.532999
0.420364
0.305773
0.237318
0.266071
0.273672
0.191852
0.138359
0.093188
0.078723
0.162902
0.165065
0.195550
0.170617
0.139894
0.079696
0.189380
0.287329
0.385738
0.468485
0.350810
0.302268
0.248050
0.255500
0.245505
0.269291
0.151345
0.065363
0.033281
0.030453
0.082619
0.176330
0.171428
0.113166
0.058038
0.057952
0.069472
0.099688
0.208543
0.265203
0.232968
0.240168
0.189468
0.132488
0.162039
0.135181
0.110590
0.081386
0.033686
0.024816
0.084879
0.166229
0.165329
0.116525
0.105654
0.114644
0.132351
0.145462
0.143455
0.142738
0.141585
0.140949
0.132174
0.134748
0.129268
0.136522
0.109699
0.126479
0.181051
0.122979
0.110372
0.188325
0.249311
0.165864
0.173958
0.165261
0.175033
0.210575
0.212505
0.211832
0.223071
0.210817
0.197076
0.192628
0.197786
0.171319
0.143354
0.129461
0.101998
0.104215
0.132703
0.103718
0.178713
0.066803
0.075789
0.088295
0.082077
0.088028
0.087716
0.110516
0.103471
0.102329
0.105309
0.101948
0.095036
0.092971
0.070974
0.074012
0.063220
0.114672
0.151997
0.112108
0.203948
0.081046
0.085765
0.083516
0.082635
0.094544
0.101896
0.105998
0.121192
0.106465
0.119164
0.117666
0.122639
0.105462
0.072322
0.072425
0.070812
0.122610
0.127696
0.115656
0.183816
0.059816
0.069587
0.083359
0.084542
0.118537
0.106655
0.116237
0.116093
0.109441
0.108527
0.094104
0.102915
0.091753
0.088218
0.081672
0.045174
0.120579
0.150853
0.101670
0.185828
0.063539
0.061908
0.090523
0.067717
0.088871
0.122652
0.113824
0.102164
0.084890
0.085266
0.099312
0.100170
0.080822
0.104248
0.101695
0.102474
0.223173
0.243149
0.113154
0.205653
0.069123
0.086565
0.098740
0.105978
0.109954
0.149003
0.206976
0.249123
0.241749
0.206659
0.196304
0.196128
0.122766
0.114219
0.118961
0.152778
0.253737
0.264656
0.116647
0.194152
0.050296
0.059016
0.097579
0.146236
0.161994
0.235707
0.321684
0.440078
0.408995
0.363808
0.418941
0.389621
0.223231
0.136181
0.146312
0.110641
0.191739
0.248415
0.115928
0.178608
0.055778
0.078226
0.104873
0.107084
0.124777
0.231777
0.321521
0.394466
0.463692
0.442588
0.422265
0.507513
0.326837
0.180553
0.135409
0.109275
0.102054
0.115050
0.112312
0.165228
0.045441
0.072496
0.126560
0.112416
0.115940
0.150990
0.161477
0.230609
0.292862
0.295119
0.379419
0.456435
0.321566
0.159439
0.093396
0.099276
0.135237
0.104843
0.109304
0.193010
0.052731
0.060415
0.071873
0.047942
0.044326
0.034537
0.049913
0.087789
0.176428
0.196650
0.264418
0.273525
0.241913
0.154008
0.117223
0.107632
0.134012
0.120474
0.112362
0.133859
0.045407
0.057148
0.064604
0.054934
0.028866
0.016351
0.025079
0.078822
0.174207
0.141590
0.166305
0.203051
0.171980
0.113507
0.091813
0.086663
0.120613
0.187227
0.107483
0.109485
0.039396
0.045189
0.082447
0.056889
0.031793
0.018781
0.026145
0.082870
0.184740
0.139143
0.144303
0.126507
0.109092
0.094200
0.096707
0.094321
0.146970
0.191115
0.103436
0.136159
0.049926
0.069342
0.072908
0.072773
0.032360
0.040500
0.067946
0.175759
0.172799
0.119495
0.125910
0.089815
0.093018
0.106844
0.117790
0.105847
0.142188
0.157737
0.108839
0.116357
0.071414
0.102503
0.102713
0.053923
0.062742
0.081689
0.133865
0.164442
0.134543
0.125720
0.112121
0.049476
0.105289
0.125612
0.089749
0.132626
0.124365
0.138666
0.108749
0.095616
0.085414
0.099832
0.092498
0.080592
0.070716
0.086319
0.140834
0.154290
0.157123
0.120475
0.107415
0.080340
0.083679
0.110758
0.082876
0.119991
0.154712
0.148171
0.091698
0.146011
0.078512
0.113758
0.086076
0.078230
0.096934
0.121219
0.149551
0.222346
0.210229
0.163474
0.139238
0.061323
0.041955
0.093836
0.070476
0.087849
0.158494
0.168324
0.087673
0.130664
0.049777
0.026594
0.036532
0.045032
0.046657
0.062216
0.096206
0.110347
0.248115
0.319057
0.205382
0.096309
0.043611
0.053706
0.035795
0.066623
0.197353
0.201735
0.114847
0.134410
0.070074
0.030981
0.041166
0.067080
0.061673
0.114043
0.107212
0.225679
0.397001
0.442351
0.320578
0.177525
0.074810
0.077104
0.093967
0.144152
0.248713
0.305430
0.127404
0.176567
0.113884
0.050956
0.054060
0.041534
0.094763
0.110491
0.117115
0.205953
0.377614
0.431817
0.405675
0.227422
0.125609
0.134046
0.133723
0.210739
0.359768
0.350763
0.220557
0.234383
0.199540
0.172295
0.157540
0.146623
0.146288
0.152509
0.163130
0.172982
0.161623
0.155917
0.168934
0.150110
0.137296
0.131702
0.113776
0.122005
0.132612
0.102820
0.351947
0.378136
0.287251
0.228324
0.199374
0.190069
0.216682
0.227189
0.240548
0.262269
0.231954
0.208328
0.197169
0.185300
0.176323
0.138216
0.105692
0.088056
0.107402
0.122789
0.323331
0.329363
0.217197
0.170103
0.202721
0.179470
0.171677
0.183696
0.172338
0.164593
0.158389
0.140802
0.158277
0.158840
0.161160
0.097215
0.105765
0.110384
0.118579
0.133480
0.296316
0.333500
0.207006
0.127974
0.116124
0.146764
0.154046
0.151494
0.133464
0.138129
0.128723
0.132581
0.118282
0.128059
0.094565
0.096891
0.116879
0.121229
0.081328
0.065593
0.289237
0.322551
0.236484
0.168039
0.124571
0.118549
0.148172
0.134153
0.155984
0.132880
0.119513
0.111364
0.103006
0.108227
0.131460
0.168913
0.167791
0.097597
0.069554
0.049827
0.298131
0.285544
0.189038
0.139227
0.131760
0.113410
0.096869
0.127405
0.121081
0.110799
0.092062
0.083594
0.097055
0.101077
0.129791
0.160104
0.155518
0.091523
0.068127
0.046494
0.293239
0.282210
0.181400
0.144846
0.107038
0.105597
0.084429
0.094208
0.126591
0.154223
0.163555
0.148739
0.152051
0.156797
0.165788
0.198251
0.184844
0.111870
0.093146
0.048758
0.266107
0.261952
0.160012
0.117861
0.104048
0.124221
0.098274
0.132742
0.192873
0.232425
0.239281
0.232912
0.216846
0.195188
0.205345
0.173641
0.189973
0.180239
0.115870
0.068308
0.257915
0.242448
0.142244
0.137136
0.114824
0.118196
0.168246
0.224815
0.323401
0.360061
0.293348
0.233488
0.233756
0.206819
0.212265
0.168274
0.129226
0.109823
0.127037
0.102738
0.251277
0.222385
0.087334
0.117923
0.130301
0.178391
0.301789
0.602730
0.791041
0.720386
0.556703
0.378042
0.261239
0.219610
0.180776
0.125769
0.090561
0.099153
0.177631
0.124054
0.241159
0.225303
0.085554
0.086034
0.122619
0.208134
0.594745
0.931857
0.939121
0.894354
0.711273
0.439337
0.327438
0.234696
0.174256
0.141306
0.107828
0.100903
0.147671
0.132164
0.244200
0.160471
0.072953
0.093165
0.179926
0.539569
0.826737
0.972217
0.970366
0.912697
0.747548
0.503098
0.282107
0.242685
0.162625
0.102266
0.113073
0.093508
0.098758
0.090232
0.208272
0.128562
0.063103
0.077142
0.247971
0.547628
0.821930
0.966015
0.967261
0.894721
0.686362
0.507096
0.345763
0.265979
0.121819
0.089620
0.112231
0.113287
0.108430
0.074202
0.196155
0.141591
0.071013
0.102679
0.244874
0.437035
0.813321
0.914112
0.891827
0.728010
0.479348
0.343457
0.275940
0.141221
0.089981
0.088685
0.102677
0.126428
0.090969
0.052821
0.176171
0.124321
0.082023
0.138842
0.206640
0.421773
0.616981
0.675830
0.588874
0.426112
0.259955
0.221781
0.126434
0.056158
0.107743
0.092611
0.068378
0.103035
0.087192
0.055099
0.151981
0.084050
0.120432
0.115049
0.107176
0.218178
0.244713
0.331804
0.179588
0.131881
0.125419
0.100366
0.097838
0.062511
0.071229
0.068625
0.082276
0.079939
0.101223
0.077582
0.137062
0.143634
0.173923
0.113686
0.100262
0.117559
0.101839
0.132161
0.147981
0.120764
0.130294
0.098178
0.102371
0.071721
0.063978
0.070131
0.100526
0.092933
0.117814
0.115556
0.135687
0.142479
0.097254
0.060828
0.036412
0.052990
0.054024
0.061838
0.072805
0.059125
0.104959
0.113099
0.142190
0.102469
0.091562
0.106438
0.084939
0.126535
0.141404
0.172333
0.113592
0.134917
0.109515
0.040430
0.031991
0.050110
0.040306
0.043186
0.056735
0.078370
0.084078
0.116063
0.144872
0.149512
0.152234
0.135943
0.170961
0.214248
0.296279
0.238062
0.122261
0.099424
0.079380
0.025423
0.030034
0.030444
0.039952
0.044328
0.055730
0.065560
0.068532
0.087955
0.147776
0.133557
0.142209
0.168032
0.152266
0.221682
0.221234
0.206524
0.130983
0.111432
0.169435
0.186182
0.213527
0.206720
0.191823
0.183455
0.164372
0.165458
0.174388
0.168989
0.176930
0.171847
0.176489
0.182068
0.381284
0.347479
0.302103
0.117805
0.102155
0.083541
0.129544
0.145653
0.172190
0.178411
0.159897
0.162302
0.162058
0.144788
0.150893
0.148910
0.169371
0.164659
0.190846
0.247331
0.398807
0.434681
0.319092
0.137475
0.101172
0.121483
0.215155
0.237142
0.217455
0.203239
0.178743
0.183298
0.160201
0.147954
0.152998
0.155845
0.172865
0.166174
0.182278
0.210618
0.447457
0.473806
0.278616
0.123702
0.107410
0.121467
0.209831
0.202556
0.213465
0.208867
0.206578
0.203671
0.169158
0.154444
0.150536
0.146639
0.169124
0.164133
0.146888
0.215467
0.234646
0.239537
0.146671
0.066975
0.113925
0.127614
0.227190
0.217962
0.214563
0.213535
0.168241
0.176102
0.170333
0.138569
0.133584
0.130544
0.144514
0.149078
0.170586
0.163747
0.145221
0.070783
0.071559
0.050227
0.115337
0.125403
0.219422
0.210695
0.219684
0.173485
0.156389
0.136555
0.125889
0.118736
0.109189
0.113156
0.132513
0.139617
0.165632
0.164993
0.106109
0.083416
0.083576
0.051605
0.119791
0.115615
0.229830
0.218008
0.198160
0.178625
0.141096
0.130139
0.125142
0.117299
0.113699
0.116199
0.110499
0.128310
0.176931
0.182159
0.206577
0.168431
0.124390
0.072886
0.127179
0.121657
0.233857
0.192675
0.166127
0.174950
0.128125
0.105564
0.096270
0.075539
0.083756
0.101166
0.084139
0.085332
0.112956
0.162537
0.152771
0.149171
0.163967
0.085338
0.128696
0.113760
0.218031
0.197682
0.183798
0.130113
0.168854
0.093511
0.057889
0.051593
0.067008
0.099150
0.084797
0.063348
0.088976
0.100315
0.107452
0.101439
0.186313
0.109389
0.130737
0.119938
0.189804
0.187505
0.166638
0.150411
0.111832
0.083645
0.021632
0.021543
0.060298
0.083541
0.084999
0.072706
0.082082
0.119571
0.101102
0.103387
0.202908
0.172269
0.130042
0.113009
0.168058
0.124870
0.118598
0.085032
0.106112
0.026306
0.008850
0.011693
0.063842
0.110948
0.126774
0.137967
0.087067
0.109494
0.107170
0.122563
0.176559
0.182675
0.134447
0.122765
0.148121
0.118569
0.137802
0.132565
0.092327
0.009871
0.004085
0.007010
0.047091
0.122148
0.117546
0.138961
0.127601
0.137603
0.096080
0.106183
0.114452
0.135110
0.125143
0.110804
0.120631
0.100967
0.191181
0.180671
0.090535
0.013422
0.006110
0.019127
0.063793
0.128390
0.172771
0.220110
0.153143
0.160946
0.146334
0.154208
0.130923
0.094323
0.132678
0.122620
0.111493
0.108893
0.269380
0.201758
0.099969
0.036406
0.030590
0.055438
0.149857
0.198169
0.195926
0.206564
0.148873
0.200828
0.195552
0.177175
0.127393
0.086819
0.133639
0.119498
0.136095
0.158174
0.209198
0.194816
0.109914
0.066355
0.042931
0.055822
0.087706
0.173807
0.142212
0.142683
0.175878
0.226724
0.148888
0.155951
0.136761
0.085894
0.153693
0.111949
0.157865
0.174252
0.166293
0.202644
0.108865
0.110592
0.064407
0.056394
0.070276
0.083281
0.128856
0.093650
0.098729
0.123223
0.130535
0.118136
0.147971
0.103935
0.169083
0.137980
0.172537
0.159755
0.125710
0.114592
0.125117
0.090017
0.071554
0.066203
0.064944
0.081871
0.106499
0.074264
0.057252
0.087628
0.117476
0.099618
0.132660
0.123996
0.139955
0.146353
0.097215
0.067630
0.047286
0.038737
0.036552
0.036823
0.039723
0.022062
0.035145
0.061701
0.094270
0.115447
0.077981
0.095911
0.082678
0.096864
0.100446
0.096259
0.154175
0.122263
0.098857
0.065055
0.049974
0.064362
0.069708
0.054765
0.044596
0.055889
0.065103
0.066263
0.098103
0.126947
0.135404
0.144934
0.166376
0.174617
0.258405
0.209147
0.151258
0.143146
0.140870
0.077208
0.076162
0.074976
0.093517
0.110627
0.157745
0.173873
0.114489
0.139177
0.161410
0.196292
0.219066
0.236977
0.292210
0.298711
0.287210
0.194856