0.019351
0.022256
0.016879
0.016773
0.018407
0.018052
0.018318
0.018190
0.018365
0.017949
0.018360
0.017903
0.018620
0.016632
0.017476
0.017223
0.014613
0.013030
0.009801
0.011364
0.016306
0.021452
0.015777
0.015178
0.017163
0.016237
0.017143
0.016467
0.016485
0.016716
0.017201
0.016792
0.017893
0.017964
0.014691
0.019621
0.015201
0.024652
0.020301
0.016441
0.018310
0.027344
0.017030
0.017145
0.020744
0.021007
0.021397
0.020655
0.019749
0.019935
0.019048
0.019887
0.018888
0.017170
0.016220
0.012699
0.016582
0.016102
0.019460
0.020434
0.021131
0.029643
0.018813
0.018551
0.019664
0.020552
0.020328
0.020360
0.020109
0.020861
0.020289
0.019556
0.019043
0.017904
0.015707
0.018371
0.014760
0.022047
0.017052
0.013641
0.018980
0.025535
0.020052
0.017549
0.018826
0.021778
0.021480
0.023973
0.021209
0.018135
0.023309
0.021070
0.018818
0.022450
0.020762
0.016551
0.014612
0.016776
0.016789
0.019004
0.021417
0.030389
0.022068
0.019791
0.019059
0.020123
0.020490
0.020057
0.020712
0.020077
0.018524
0.015400
0.011604
0.021725
0.020595
0.019079
0.021371
0.024282
0.020747
0.021585
0.016867
0.027291
0.018188
0.016854
0.021032
0.024164
0.023500
0.019244
0.015994
0.011726
0.014240
0.016390
0.013605
0.015380
0.014962
0.016478
0.025091
0.024009
0.021157
0.021494
0.019252
0.026687
0.016556
0.019949
0.014860
0.019112
0.018636
0.015758
0.017736
0.009759
0.013189
0.012660
0.014686
0.011848
0.009031
0.009924
0.020425
0.026840
0.020646
0.020518
0.019872
0.029847
0.023663
0.017136
0.013907
0.016969
0.016769
0.014344
0.023709
0.015092
0.024865
0.026531
0.021105
0.014829
0.020625
0.011281
0.024177
0.027857
0.019234
0.020365
0.018813
0.023213
0.019286
0.014542
0.014427
0.006266
0.030809
0.022467
0.009961
0.013139
0.022937
0.017469
0.013348
0.012121
0.020900
0.012510
0.020976
0.024382
0.021283
0.020563
0.018776
0.028926
0.025406
0.018680
0.018987
0.024036
0.066457
0.074725
0.007571
0.009958
0.225988
0.140401
0.032093
0.005364
0.013190
0.014545
0.016950
0.023620
0.021476
0.022575
0.021165
0.024723
0.022820
0.020145
0.024080
0.047393
0.050621
0.050696
0.014342
0.042337
0.933289
0.936872
0.641171
0.010681
0.027492
0.019601
0.015489
0.017747
0.021805
0.022890
0.017895
0.023482
0.022300
0.016545
0.019253
0.039045
0.041714
0.066576
0.044349
0.082164
0.942243
0.908290
0.787860
0.011452
0.030020
0.017733
0.015115
0.015160
0.021314
0.023213
0.018662
0.023217
0.027621
0.015516
0.015202
0.022923
0.022608
0.028389
0.019481
0.028218
0.179395
0.153294
0.086146
0.026439
0.021363
0.018452
0.017224
0.016559
0.019322
0.022403
0.020139
0.020308
0.016044
0.013490
0.012897
0.011501
0.014408
0.010037
0.019515
0.021394
0.029144
0.013217
0.010006
0.019656
0.014522
0.014756
0.017335
0.013719
0.017977
0.019081
0.019446
0.021239
0.020469
0.016964
0.017344
0.012485
0.015048
0.014657
0.016515
0.011327
0.022100
0.016497
0.021745
0.014362
0.011359
0.015115
0.016481
0.016093
0.016825
0.018928
0.019682
0.026345
0.021824
0.016997
0.017095
0.015097
0.015571
0.010622
0.009441
0.008693
0.010879
0.009700
0.012415
0.015590
0.013253
0.014703
0.015096
0.014334
0.015464
0.014854
0.016577
0.013123
0.005274
0.013491
0.009410
0.011480
0.003023
0.001365
0.004814
0.009203
0.006086
0.004891
0.010534
0.010567
0.003955
0.004430
0.004295
0.007094
0.008996
0.007733
0.015775
0.019337
0.008943
0.035226
0.037787
0.032229
0.005384
0.003531
0.025965
0.033326
0.019120
0.009186
0.011357
0.009376
0.004857
0.005298
0.012805
0.022382
0.026514
0.018880
0.015059
0.017224
0.020957
0.033845
0.027143
0.038435
0.010658
0.011841
0.027402
0.027960
0.026317
0.011232
0.015759
0.015778
0.014225
0.019603
0.021805
0.022980
0.034301
0.025166
0.340477
0.497949
0.791911
0.788469
0.771536
0.717270
0.710391
0.708157
0.700154
0.702339
0.721097
0.732135
0.806326
0.969718
1.217342
1.489527
1.416290
1.395714
0.659881
0.099759
0.678204
0.911784
1.148662
1.136435
1.063634
1.009312
0.954154
0.994520
0.980487
0.983817
1.020409
1.025790
1.183768
1.382483
1.803806
2.149759
2.281585
2.256711
1.631560
0.514033
0.544050
0.814261
1.129005
1.146599
1.092049
1.032881
0.934611
0.957278
0.954674
0.952640
0.914500
0.931149
1.069024
1.172522
1.703676
2.091200
2.539612
2.637661
2.295855
1.289656
0.435272
0.630753
0.896569
0.915993
0.905866
0.796021
0.719942
0.709104
0.734029
0.737406
0.696728
0.645531
0.722077
0.815398
1.163656
1.561283
1.839807
2.093180
1.878794
1.134834
0.363240
0.535104
0.723960
0.684410
0.610541
0.523852
0.472298
0.487873
0.513592
0.557489
0.513936
0.445732
0.404307
0.367052
0.443085
0.597631
0.872573
1.003706
0.908874
0.725624
0.335746
0.461267
0.578480
0.417219
0.319791
0.218518
0.222478
0.211279
0.244284
0.228730
0.172791
0.193560
0.192230
0.099862
0.047376
0.251901
0.363297
0.540618
0.525311
0.362482
0.283665
0.321179
0.367702
0.168175
0.115500
0.130620
0.228465
0.123838
0.152496
0.140100
0.054467
0.070975
0.057797
-0.006039
-0.145104
0.072204
0.107716
0.308220
0.402704
0.297175
0.217717
0.224508
0.107380
-0.089770
-0.236487
0.048806
0.211159
0.004034
-0.040225
0.071272
0.016934
0.043623
-0.040259
-0.066461
-0.192847
0.047259
0.012065
0.224288
0.305273
0.226596
0.135625
0.139452
-0.033100
-0.301547
-0.072964
0.320767
0.330614
-0.226917
-0.390513
0.169033
0.127637
-0.047505
-0.298567
-0.276619
-0.256312
0.084579
-0.012969
0.122127
0.197039
0.171116
0.077759
0.035324
-0.234100
-0.342057
0.003507
0.415241
0.339713
-0.272495
-0.447072
0.414272
0.353590
-0.213676
-0.785942
-0.708205
-0.208901
0.061463
-0.021965
0.060195
0.119425
0.120824
0.084759
0.007235
-0.313628
-0.246580
0.047215
0.439421
0.354599
-0.275714
-0.152527
1.336677
0.846030
-0.225554
-1.589574
-1.325178
-0.122070
0.003726
-0.015688
0.016764
0.060314
0.094797
0.061293
-0.004521
-0.383858
-0.099894
0.139537
0.259345
0.416556
-0.176293
0.199099
1.968555
1.255688
-0.218504
-1.911363
-1.676968
-0.083789
-0.042190
-0.009115
0.004216
0.034307
0.072144
0.076313
-0.007186
-0.318777
0.095095
0.113506
0.113864
0.348068
-0.022776
0.432749
1.929081
1.210877
-0.189716
-1.922545
-1.537628
-0.063720
-0.041120
0.005344
0.047829
0.048534
0.079240
0.042842
-0.034263
-0.317789
0.125942
0.049341
0.033686
0.114672
0.173902
0.615711
1.658687
1.076941
-0.196837
-1.759894
-1.392594
-0.180457
-0.136359
-0.008593
0.028353
0.061104
0.080414
-0.048468
-0.077069
-0.334890
0.002749
-0.073887
-0.156736
-0.126313
0.118646
0.373189
1.171865
0.582528
-0.315064
-1.254302
-0.971911
-0.238190
-0.162216
-0.025888
-0.013504
0.000707
0.056618
-0.019200
-0.092784
-0.354018
0.041318
-0.006199
-0.172988
-0.170783
0.235901
0.295487
0.683491
0.238743
-0.200418
-0.756849
-0.577382
-0.218158
-0.069412
-0.008194
-0.039854
-0.039698
-0.022340
-0.055753
-0.135841
-0.295204
0.058676
-0.113438
-0.421851
-0.338591
0.439651
0.391585
0.309528
-0.105190
-0.343329
-0.608425
-0.475311
-0.214451
0.085327
0.153018
-0.004152
-0.214761
-0.224901
0.070246
0.061219
0.106396
0.417631
-0.153570
-0.946535
-0.609083
0.952343
0.643981
-0.037148
-0.581744
-0.545414
-0.497264
-0.467173
-0.086866
0.492147
0.309652
-0.074507
-0.605248
-0.707818
0.158744
0.184229
0.335493
0.455009
-0.112770
-0.768049
-0.313321
0.920396
0.550720
-0.071818
-0.493395
-0.380043
-0.273512
-0.234421
0.005405
0.526547
0.301172
-0.108729
-0.494550
-0.729381
0.070007
0.184386
0.286749
0.395116
-0.054276
-0.786634
-0.359492
0.861398
0.415432
0.006401
-0.582577
-0.482502
-0.239009
-0.136641
0.013565
0.472393
0.311258
-0.085456
-0.497488
-0.792079
-0.857921
-0.926311
-1.015263
-0.986102
-0.994543
-1.011977
-1.011985
-1.011405
-0.996979
-1.001683
-1.011894
-1.033062
-1.265345
-1.351007
-1.569458
-1.627811
-1.522073
-1.432630
-0.561577
-0.342654
-0.780644
-0.953688
-0.998541
-1.025119
-1.011355
-1.022965
-0.997489
-1.020136
-0.993767
-0.977768
-0.997351
-1.035838
-1.061574
-1.125596
-1.257926
-1.400213
-1.341037
-1.055927
-0.617902
-0.141767
-0.635697
-0.632086
-0.619324
-0.537709
-0.539078
-0.559534
-0.548247
-0.576649
-0.500842
-0.510046
-0.464138
-0.416798
-0.414284
-0.461950
-0.688325
-0.813990
-0.940734
-0.651956
-0.407635
0.074425
-0.575593
-0.525357
-0.415247
-0.317197
-0.309152
-0.372143
-0.433241
-0.452553
-0.450813
-0.417709
-0.320398
-0.287045
-0.274822
-0.258790
-0.364231
-0.560170
-0.578593
-0.658613
-0.350583
-0.023685
-0.481048
-0.423692
-0.261156
-0.172188
-0.160945
-0.171767
-0.202414
-0.155439
-0.129009
-0.112937
-0.115208
-0.027383
0.013341
0.002068
-0.232393
-0.330602
-0.348545
-0.397783
-0.112121
0.076637
-0.328326
-0.170547
-0.029047
0.151157
0.216251
0.120844
0.071968
0.099090
0.097811
0.086746
0.076652
0.111874
0.163677
0.144957
-0.039260
-0.169997
-0.290869
-0.366576
-0.144179
0.017874
-0.246006
-0.046327
0.081825
0.122185
0.130329
0.104000
0.188055
0.228998
0.216024
0.177940
0.159943
0.213974
0.170347
0.182282
0.103136
-0.067255
-0.332314
-0.415525
-0.253344
-0.049494
-0.166892
0.006306
0.124106
0.134782
0.136510
0.121968
0.221408
0.316950
0.309805
0.306532
0.242036
0.258901
0.202363
0.224301
0.177136
0.074075
-0.201558
-0.353060
-0.156165
-0.019491
-0.164749
0.034677
0.122185
0.125330
0.192462
0.409949
0.688147
0.751351
0.630755
0.452510
0.471859
0.375071
0.189160
0.067099
0.075627
0.061420
-0.125543
-0.305991
-0.112730
0.012562
-0.217836
-0.016742
0.101219
0.215930
0.278165
0.494984
0.498665
0.537006
0.673540
0.831722
1.134679
1.120252
0.850804
0.536102
0.388847
0.264422
-0.026465
-0.204977
-0.074873
0.040732
-0.239563
-0.089703
0.031523
-0.009621
-0.024055
-0.129222
-0.011805
0.157464
0.493997
1.266694
1.984509
2.197809
1.886677
1.117396
0.624730
0.312603
0.062941
-0.118368
-0.021885
0.048562
-0.253036
-0.135695
0.014956
-0.150415
-0.348457
-0.517349
-0.571009
-0.483916
-0.190921
0.365224
0.554374
0.615778
0.671023
0.365170
0.225127
0.098282
0.027982
-0.129560
-0.107825
0.024132
-0.232048
-0.134107
-0.016691
-0.146350
-0.362060
-0.477616
-0.692728
-0.739723
-0.613254
-0.593214
-0.502344
-0.448040
-0.445902
-0.415797
-0.334280
-0.241588
-0.028434
-0.090110
-0.127560
0.002929
-0.247742
-0.104598
-0.041042
-0.203138
-0.402459
-0.606553
-0.777294
-0.899004
-1.018116
-1.395767
-1.929486
-2.051369
-1.829722
-1.309130
-0.842492
-0.498556
-0.159066
-0.046603
-0.127727
0.009750
-0.243296
-0.087237
0.019965
-0.067351
-0.289339
-0.431134
-0.572163
-0.645599
-0.752299
-1.015731
-1.427459
-1.544721
-1.414339
-1.122603
-0.733408
-0.446732
-0.160053
-0.075306
-0.128348
-0.040975
-0.192613
-0.035227
0.131794
0.175479
-0.020538
-0.166980
-0.315394
-0.444540
-0.530801
-0.734235
-0.898725
-0.891185
-0.784790
-0.625518
-0.542826
-0.401853
-0.195756
-0.092297
-0.158233
-0.129476
0.063466
0.352739
0.707099
0.828141
0.694296
0.443596
0.358064
0.430565
0.395227
0.259104
0.020861
-0.247912
-0.383531
-0.317260
-0.145853
0.059920
0.351641
0.452957
0.394479
0.343117
0.332907
0.553691
1.078281
1.409540
1.307118
1.085857
0.905018
1.010065
1.266373
1.302810
1.021378
0.518118
0.245692
0.281920
0.461775
0.835392
1.169523
1.331898
1.303040
1.002576
0.042702
0.164132
0.421403
0.454486
0.423070
0.403560
0.346762
0.361028
0.383291
0.318085
0.255877
0.170561
0.120107
0.245191
0.353356
0.517842
0.643126
0.668315
0.710520
0.555186
-0.288112
-0.184583
-0.209143
-0.427169
-0.454578
-0.279477
-0.024094
-0.229043
-0.473501
-0.567732
-0.380708
-0.240964
-0.209720
-0.027828
-0.017816
-0.111076
-0.197153
-0.227811
-0.151977
-0.041775
-0.335479
0.035645
0.432383
0.423781
0.377613
0.325377
0.255159
0.252353
0.235831
0.243688
0.270061
0.290286
0.488131
0.650946
1.106883
1.479504
1.539016
1.727686
0.934606
0.297760
-0.026379
0.465129
0.851094
0.811974
0.748000
0.659862
0.558564
0.615154
0.592456
0.599052
0.627703
0.655478
0.815636
1.063418
1.588787
2.112098
2.377901
2.269210
1.662329
0.673460
-0.206446
0.265278
0.685626
0.601456
0.517976
0.414766
0.294401
0.323168
0.290359
0.285647
0.242104
0.237751
0.332595
0.454848
1.110417
1.603771
2.310663
2.272603
1.790383
0.975721
-0.366946
-0.010963
0.360677
0.228462
0.125268
0.008073
-0.053269
-0.007633
0.002732
-0.012199
-0.076874
-0.155917
-0.161920
-0.064856
0.246185
0.796736
1.215504
1.611448
1.316819
0.634940
-0.459081
-0.145934
0.104787
-0.123768
-0.377854
-0.576295
-0.642072
-0.617415
-0.576985
-0.535337
-0.587758
-0.659642
-0.755156
-0.783105
-0.552716
-0.270563
0.172854
0.436757
0.334337
-0.088218
-0.582310
-0.341800
-0.158130
-0.493040
-0.809849
-1.099419
-1.182346
-1.182914
-1.149313
-1.156337
-1.189903
-1.229413
-1.315043
-1.346004
-1.151727
-0.768353
-0.406578
-0.115032
-0.159786
-0.411796
-0.717249
-0.609749
-0.465543
-0.855222
-1.235828
-1.494956
-1.556566
-1.619312
-1.607109
-1.599662
-1.611155
-1.669665
-1.642670
-1.706977
-1.596316
-1.232232
-0.748434
-0.394414
-0.316402
-0.540402
-0.810685
-0.757186
-0.776463
-1.212438
-1.599285
-1.771403
-1.808950
-1.805897
-1.783835
-1.801382
-1.814904
-1.806649
-1.829301
-1.872842
-1.788443
-1.456287
-0.978938
-0.576194
-0.491475
-0.664645
-0.942880
-0.948289
-1.021559
-1.506353
-1.868468
-1.888049
-1.859103
-1.819287
-1.785670
-1.868583
-1.837572
-1.800707
-1.854562
-1.961752
-1.967054
-1.659574
-1.191387
-0.726661
-0.654426
-0.777733
-0.999896
-1.075660
-1.270949
-1.811904
-2.031404
-2.015081
-1.968367
-1.930030
-1.836210
-1.847415
-1.792257
-1.739150
-1.774518
-1.980201
-2.017234
-1.782503
-1.340994
-0.860988
-0.780985
-0.842155
-1.068588
-1.190539
-1.441165
-1.971345
-2.101144
-2.088313
-2.003957
-1.981802
-1.886689
-1.770011
-1.669160
-1.644899
-1.627924
-1.977893
-2.140426
-1.887406
-1.457359
-0.988170
-0.905012
-0.910347
-1.089036
-1.277816
-1.551730
-2.034850
-2.171161
-2.103741
-2.043317
-2.023460
-1.855386
-1.672816
-1.647601
-1.639568
-1.604761
-1.959809
-2.160919
-1.911916
-1.539046
-1.035162
-0.931993
-0.949962
-1.164274
-1.339648
-1.580864
-1.982366
-2.135957
-2.112457
-2.057773
-2.032438
-1.893624
-1.706396
-1.640965
-1.634696
-1.622304
-1.979407
-2.159364
-1.949019
-1.649436
-1.216792
-1.025335
-1.030164
-1.194171
-1.325495
-1.641313
-1.982308
-2.096639
-2.113792
-2.084626
-2.096719
-2.033687
-1.833332
-1.681736
-1.634749
-1.653801
-1.946316
-2.106620
-1.953322
-1.709731
-1.359841
-1.172612
-1.135513
-1.165029
-1.316503
-1.622539
-1.926129
-2.068963
-2.097055
-2.071798
-2.090626
-2.119532
-1.955153
-1.791123
-1.682545
-1.742082
-1.960971
-2.074770
-1.943874
-1.799801
-1.563702
-1.332557
-1.255518
-1.134636
-1.319335
-1.569277
-1.859284
-2.053969
-2.071590
-2.067727
-2.079570
-2.077600
-1.981073
-1.873666
-1.814352
-1.861725
-1.973136
-1.989674
-1.881052
-1.760187
-1.626324
-1.493675
-1.344507
-1.086346
-1.238229
-1.469087
-1.727628
-1.921669
-1.994352
-2.018369
-2.026014
-1.970782
-1.879919
-1.813637
-1.794893
-1.828341
-1.902263
-1.902382
-1.797712
-1.711436
-1.559389
-1.465876
-1.372609
-1.044448
-1.107787
-1.243314
-1.558897
-1.741266
-1.809943
-1.823090
-1.877857
-1.752059
-1.627493
-1.507939
-1.553103
-1.657449
-1.728292
-1.769223
-1.653313
-1.506596
-1.384394
-1.282914
-1.292329
-1.121195
-1.179711
-1.255810
-1.473005
-1.607697
-1.724367
-1.733408
-1.761852
-1.644053
-1.525581
-1.449700
-1.503756
-1.583349
-1.599915
-1.601087
-1.466295
-1.371832
-1.300342
-1.269216
-1.242172
-1.146118
-1.143005
-1.162837
-1.342258
-1.475940
-1.518958
-1.471020
-1.569438
-1.498076
-1.483298
-1.354474
-1.383531
-1.448961
-1.486328
-1.404524
-1.329022
-1.270422
-1.209478
-1.182379
-1.216769
0.205951
0.502495
0.832167
0.821447
0.784494
0.740279
0.678403
0.670288
0.655712
0.665010
0.684111
0.705973
0.907568
1.093284
1.520558
1.837738
1.815878
1.950434
1.091837
0.514636
0.525084
0.927543
1.222617
1.195787
1.116348
1.049474
0.958929
1.008839
0.984132
0.980828
1.006267
1.033521
1.230285
1.488162
2.048920
2.486755
2.699848
2.469090
1.750042
0.810395
0.395079
0.782296
1.111182
1.053252
0.948189
0.875218
0.767785
0.801752
0.763598
0.758818
0.714837
0.720633
0.866689
1.017053
1.669268
2.087581
2.780507
2.636291
2.093750
1.253623
0.243298
0.540428
0.822101
0.696832
0.588047
0.475706
0.426806
0.464057
0.463649
0.442592
0.364213
0.310353
0.345183
0.448969
0.763762
1.286879
1.688810
2.010128
1.622182
0.942153
0.120155
0.368175
0.524736
0.314937
0.090463
-0.080102
-0.118757
-0.096222
-0.078263
-0.041895
-0.107039
-0.192541
-0.272125
-0.280123
-0.040296
0.246524
0.684956
0.897475
0.650006
0.263249
0.009476
0.167200
0.236786
-0.102976
-0.368996
-0.589836
-0.633049
-0.602057
-0.588682
-0.596154
-0.638856
-0.681847
-0.771348
-0.782030
-0.599461
-0.273186
0.110282
0.393669
0.264618
-0.014031
-0.140392
-0.118733
-0.078859
-0.449003
-0.757107
-0.956990
-1.015402
-1.047174
-1.069211
-1.098825
-1.136210
-1.194086
-1.202732
-1.210513
-1.003682
-0.686242
-0.231573
0.093592
0.119305
-0.147783
-0.259562
-0.272104
-0.400289
-0.766427
-1.135665
-1.235265
-1.320904
-1.322421
-1.341428
-1.369525
-1.386233
-1.434402
-1.447428
-1.417850
-1.205617
-0.928695
-0.476431
-0.115081
-0.079218
-0.274580
-0.426805
-0.513519
-0.633701
-1.042056
-1.366942
-1.454706
-1.491806
-1.485132
-1.484303
-1.506187
-1.496249
-1.497662
-1.539595
-1.531158
-1.410471
-1.187891
-0.732903
-0.302627
-0.242667
-0.375018
-0.508994
-0.670951
-0.883220
-1.321892
-1.577594
-1.697766
-1.719111
-1.700856
-1.697837
-1.675078
-1.637308
-1.610093
-1.598580
-1.570076
-1.434925
-1.267471
-0.900229
-0.479755
-0.380226
-0.441384
-0.624634
-0.809799
-1.056978
-1.458373
-1.711385
-1.808544
-1.844969
-1.879333
-1.850889
-1.854680
-1.814077
-1.802389
-1.776233
-1.745995
-1.583454
-1.372821
-1.007834
-0.615614
-0.509371
-0.498858
-0.677578
-0.870588
-1.127739
-1.485880
-1.732590
-1.808200
-1.880328
-1.949455
-1.899364
-1.865008
-1.891185
-1.904144
-1.866043
-1.803388
-1.630890
-1.396589
-1.033134
-0.665159
-0.564410
-0.541816
-0.738987
-0.907334
-1.167598
-1.449031
-1.664366
-1.758361
-1.799843
-1.819722
-1.801057
-1.840944
-1.881226
-1.875148
-1.838737
-1.751191
-1.601751
-1.410224
-1.115080
-0.786530
-0.665617
-0.626936
-0.758363
-0.887057
-1.148874
-1.389682
-1.548047
-1.584321
-1.600273
-1.627238
-1.619157
-1.630818
-1.684363
-1.688269
-1.637140
-1.553462
-1.476917
-1.375996
-1.125108
-0.887118
-0.788536
-0.739457
-0.762437
-0.878549
-1.132218
-1.361335
-1.493391
-1.493802
-1.495728
-1.529957
-1.526450
-1.552994
-1.572508
-1.550744
-1.539801
-1.519825
-1.473283
-1.399599
-1.254480
-1.055694
-0.945690
-0.850011
-0.761859
-0.911650
-1.122218
-1.354422
-1.447906
-1.441398
-1.433094
-1.422671
-1.396739
-1.403416
-1.441601
-1.487833
-1.487119
-1.463535
-1.405574
-1.358374
-1.229198
-1.147930
-1.104048
-0.967872
-0.813481
-0.937709
-1.060647
-1.218453
-1.314934
-1.339933
-1.372343
-1.362089
-1.325942
-1.303845
-1.296050
-1.293047
-1.299313
-1.330283
-1.378992
-1.386621
-1.378585
-1.351923
-1.297305
-1.165182
-0.776839
-0.868676
-0.978302
-1.170600
-1.278985
-1.269928
-1.309803
-1.347351
-1.338130
-1.270494
-1.151723
-1.068787
-1.079520
-1.161202
-1.325533
-1.394105
-1.419257
-1.411031
-1.319700
-1.221454
-0.883682
-0.989695
-1.074017
-1.209785
-1.297594
-1.326381
-1.334005
-1.352349
-1.355837
-1.291517
-1.187458
-1.084441
-1.091412
-1.150596
-1.314281
-1.389341
-1.422807
-1.431584
-1.374928
-1.284444
-0.924747
-0.977442
-1.070399
-1.249362
-1.270252
-1.214667
-1.158169
-1.259341
-1.306537
-1.295499
-1.150633
-1.058262
-1.053594
-1.111409
-1.212607
-1.322999
-1.370516
-1.371789
-1.297176
-1.194861
0.073040
0.121360
0.098157
0.144944
0.156871
0.142583
0.144587
0.130457
0.147534
0.149406
0.144404
0.141854
0.117589
0.065428
0.040615
0.125616
0.374957
0.724076
0.806273
0.741911
0.051085
0.094821
0.151431
0.207033
0.235328
0.211804
0.209082
0.209641
0.211691
0.213239
0.217421
0.208806
0.168100
0.116510
0.055737
0.028960
0.072707
0.187918
0.518568
0.403655
0.038048
0.098492
0.098495
0.169092
0.170586
0.157590
0.143283
0.118928
0.127273
0.136784
0.145301
0.120439
0.111610
0.133359
0.119847
0.032085
0.037851
0.101557
0.108331
0.145359
0.043660
0.100044
0.112928
0.186254
0.190172
0.195774
0.188219
0.147521
0.182235
0.182963
0.173124
0.155251
0.134580
0.143767
0.191890
0.132831
0.076059
0.130148
0.172969
0.230260
0.037282
0.060206
0.114240
0.137720
0.143200
0.145667
0.212938
0.177938
0.144517
0.150916
0.136554
0.166072
0.147657
0.240652
0.098589
0.160378
0.071188
0.066903
0.259723
0.325388
0.048709
0.078907
0.127143
0.146503
0.120755
0.103258
0.091238
0.136914
0.105724
0.119911
0.142808
0.155752
0.178066
0.299001
0.155792
0.158246
0.142385
0.154604
0.214591
0.285897
0.093121
0.133008
0.127553
0.130954
0.117052
0.080570
0.112266
0.125632
0.110086
0.131437
0.151034
0.156868
0.215834
0.200628
0.194838
0.318320
0.234809
0.205141
0.153502
0.270182
0.128109
0.160047
0.199051
0.202095
0.224820
0.114562
0.142246
0.234123
0.212277
0.182542
0.275852
0.230028
0.218338
0.209809
0.201517
0.320920
0.247262
0.203033
0.152488
0.246602
0.199593
0.256118
0.199254
0.264005
0.261963
0.204863
0.109948
0.159047
0.153064
0.070827
0.185931
0.209581
0.202931
0.269843
0.286541
0.338786
0.222438
0.202929
0.152898
0.221733
0.248435
0.356707
0.337539
0.335825
0.331816
0.247064
0.176930
0.147145
0.099021
0.011911
0.006503
0.027220
0.052748
0.092445
0.146724
0.349341
0.234885
0.229674
0.134245
0.246063
0.234190
0.390453
0.354928
0.414951
0.340937
0.277205
0.066440
0.035535
0.030971
0.003602
0.000144
0.000337
0.002579
0.007222
0.041237
0.376469
0.205955
0.220835
0.144056
0.257312
0.222955
0.378779
0.312775
0.330074
0.289916
0.131566
0.058499
0.029915
0.008129
0.000135
0.000002
0.000004
0.000032
0.002350
0.041401
0.276394
0.192340
0.219922
0.132221
0.274851
0.240986
0.274811
0.243030
0.232089
0.250127
0.186626
0.218266
0.060450
0.001772
0.000025
0.000000
0.000001
0.000007
0.002145
0.057381
0.247365
0.182993
0.188008
0.131197
0.225113
0.247213
0.276171
0.222559
0.170856
0.219768
0.198152
0.292899
0.131893
0.012512
0.000365
0.000010
0.000002
0.000131
0.014191
0.054770
0.286519
0.190251
0.176794
0.144568
0.211907
0.231568
0.246063
0.149147
0.080691
0.118963
0.102471
0.099453
0.066125
0.037424
0.003060
0.017697
0.006660
0.005501
0.077036
0.096120
0.244484
0.207042
0.223443
0.224879
0.233950
0.228905
0.278778
0.133840
0.093759
0.093830
0.159722
0.209496
0.172363
0.136344
0.048836
0.083718
0.115930
0.136284
0.415542
0.255437
0.356131
0.232927
0.325824
0.239556
0.208751
0.149756
0.166492
0.148823
0.077740
0.114931
0.162557
0.256733
0.245726
0.243510
0.084405
0.074230
0.058692
0.151991
0.339562
0.357032
0.342241
0.243734
0.363847
0.263611
0.250092
0.237335
0.291229
0.258600
0.217607
0.248757
0.468224
0.280912
0.492579
0.607212
0.594815
0.282341
0.096220
0.055356
0.123859
0.256886
0.357335
0.126435
0.139637
0.131782
0.225034
0.155876
0.115234
0.182728
0.223183
0.319297
0.584872
0.396749
0.643690
0.803859
0.834085
0.646849
0.217359
0.085235
0.112754
0.154086
0.066080
0.016020
0.009828
0.011172
0.056391
0.160629
0.157663
0.185301
0.171334
0.263534
0.331093
0.249997
0.174865
0.336518
0.607159
0.568913
0.296979
0.217968
0.162351
0.136462
0.050468
0.008991
0.005102
0.010936
0.066288
0.210946
0.176762
0.219438
0.203647
0.169912
0.187672
0.169568
0.174212
0.168761
0.162281
0.174900
0.178769
0.231172
0.199964
0.396404
0.203544
0.097671
0.036108
0.011966
0.044914
0.182855
0.095139
0.148932
0.140477
0.125107
0.134755
0.123166
0.124339
0.119191
0.117268
0.111866
0.120451
0.176541
0.152561
0.162938
0.141237
0.072813
0.030810
0.065794
0.155604
0.322458
0.157920
0.284487
0.244723
0.254669
0.252986
0.225948
0.218296
0.231163
0.234638
0.215448
0.232404
0.243048
0.267102
0.171198
0.158755
0.137430
0.076585
0.382635
0.409062
0.325187
0.156413
0.283150
0.286907
0.248596
0.243005
0.209773
0.245867
0.246996
0.241231
0.259613
0.225139
0.211851
0.227554
0.206526
0.235165
0.291141
0.210693
0.444363
0.410690
0.306995
0.160877
0.299840
0.268271
0.226838
0.244765
0.213909
0.225496
0.238976
0.238541
0.231768
0.239877
0.255367
0.209128
0.120932
0.153373
0.193372
0.225708
0.240694
0.200527
0.318196
0.216543
0.296753
0.313388
0.269353
0.231950
0.180626
0.190893
0.212875
0.215718
0.200329
0.193972
0.187217
0.157618
0.115286
0.129152
0.204345
0.261168
0.218969
0.207421
0.278320
0.232160
0.319129
0.290541
0.252202
0.250459
0.163537
0.137103
0.141014
0.136154
0.180484
0.188972
0.181361
0.179374
0.179537
0.180313
0.278220
0.280369
0.315922
0.236335
0.242166
0.210873
0.309813
0.258242
0.185260
0.190671
0.135939
0.112567
0.092440
0.098720
0.121165
0.147985
0.108646
0.153028
0.170407
0.165928
0.236048
0.229913
0.295132
0.211665
0.214189
0.193314
0.257642
0.322957
0.352051
0.345880
0.326242
0.132527
0.079953
0.051425
0.095473
0.126348
0.096488
0.091192
0.133580
0.154358
0.235561
0.214455
0.274395
0.220695
0.213351
0.177070
0.225956
0.276297
0.307618
0.312256
0.178196
0.057755
0.077413
0.020696
0.003840
0.011599
0.017018
0.051788
0.109799
0.132392
0.229745
0.200450
0.271564
0.205857
0.203469
0.143086
0.185096
0.174481
0.181779
0.105143
0.045661
0.019856
0.014468
0.001389
0.000082
0.000067
0.000383
0.026640
0.190843
0.131768
0.256947
0.220096
0.260795
0.201786
0.209275
0.143874
0.150121
0.174931
0.150179
0.105380
0.035344
0.005924
0.002030
0.000034
0.000001
0.000001
0.000008
0.008783
0.139628
0.146305
0.284938
0.229988
0.239343
0.192208
0.193954
0.147057
0.118861
0.100875
0.099423
0.052689
0.023035
0.014854
0.001093
0.000012
0.000000
0.000000
0.000007
0.006994
0.133471
0.122662
0.236703
0.225788
0.260546
0.205121
0.188472
0.141602
0.115673
0.090742
0.058057
0.054590
0.040133
0.033260
0.005648
0.000262
0.000022
0.000008
0.000180
0.032921
0.110330
0.083703
0.228495
0.215347
0.206189
0.182907
0.184121
0.146619
0.118324
0.071620
0.064805
0.058873
0.039557
0.050473
0.047719
0.012854
0.010509
0.006545
0.021870
0.156810
0.157887
0.121893
0.203350
0.201646
0.195835
0.176886
0.148404
0.115369
0.046257
0.037682
0.042605
0.052889
0.067451
0.101724
0.112785
0.133180
0.167016
0.192643
0.164923
0.168294
0.148105
0.126950
0.229362
0.180551
0.169441
0.162374
0.173777
0.161716
0.073212
0.031255
0.041984
0.059638
0.091072
0.156827
0.209129
0.347959
0.287003
0.292206
0.214648
0.130928
0.146579
0.124687
0.171395
0.105451
0.118819
0.125410
0.163743
0.138196
0.072884
0.037706
0.026798
0.025795
0.071764
0.168830
0.146524
0.185835
0.338963
0.340701
0.258275
0.219541
0.189387
0.103096
0.060509
0.033111
0.035627
0.062022
0.174114
0.110650
0.053958
0.013005
0.049977
0.051460
0.142290
0.153860
0.120664
0.123117
0.271849
0.432813
0.267038
0.140470
0.082189
0.018016
0.003407
0.001809
0.003907
0.025373
0.174526
0.135139
0.107281
0.064835
0.082611
0.161669
0.415716
0.592038
0.539168
0.328776
0.370316
0.549284
0.435198
0.314300
0.129088
0.029701
0.005518
0.002874
0.008423
0.045774
0.196968
0.199815
0.183128
0.169363
0.168596
0.171933
0.181212
0.183677
0.182281
0.186202
0.178670
0.183592
0.189908
0.225757
0.158115
0.223597
0.148465
0.077273
0.037673
0.048243
0.092593
0.083825
0.067276
0.062290
0.059001
0.064846
0.068392
0.069067
0.068256
0.065787
0.065499
0.070864
0.062941
0.060499
0.100787
0.085045
0.120004
0.079828
0.131996
0.116705
0.105775
0.107363
0.094993
0.102131
0.094470
0.098138
0.109167
0.103220
0.097855
0.097197
0.101928
0.098836
0.090292
0.117528
0.134159
0.112125
0.096631
0.120379
0.211973
0.194996
0.097793
0.115831
0.094342
0.082663
0.082176
0.088053
0.111602
0.100566
0.094533
0.095477
0.084373
0.089939
0.089539
0.110453
0.094921
0.140704
0.109489
0.093710
0.062959
0.040290
0.100033
0.090348
0.092643
0.082882
0.065998
0.073077
0.105244
0.094627
0.083238
0.088464
0.081017
0.088483
0.096722
0.111399
0.135245
0.188349
0.192596
0.100815
0.115251
0.062433
0.100799
0.096075
0.104328
0.129615
0.125194
0.149250
0.122828
0.141103
0.116894
0.134701
0.136832
0.168165
0.201769
0.182466
0.262064
0.288060
0.285491
0.213111
0.204191
0.132955
0.117439
0.121316
0.089038
0.096096
0.104810
0.106029
0.130530
0.149188
0.150546
0.141934
0.189997
0.157522
0.176490
0.190928
0.191632
0.191471
0.172966
0.133726
0.110042
0.090383
0.131500
0.109199
0.105349
0.137760
0.158916
0.217412
0.170890
0.158115
0.182037
0.174100
0.172574
0.186159
0.217623
0.187136
0.189649
0.191050
0.185585
0.160701
0.125375
0.100259
0.156366
0.109823
0.118822
0.095352
0.090748
0.086205
0.068293
0.069447
0.099228
0.085149
0.089061
0.117838
0.167419
0.204348
0.151808
0.163564
0.189300
0.163511
0.131028
0.092676
0.154955
0.144404
0.133781
0.126558
0.121282
0.078016
0.045227
0.025516
0.024157
0.007958
0.002417
0.010576
0.041424
0.202281
0.174346
0.147792
0.191368
0.174360
0.144061
0.107539
0.157871
0.147412
0.147716
0.148896
0.121999
0.070076
0.016881
0.008144
0.004869
0.000201
0.000010
0.000016
0.000253
0.031082
0.294057
0.151095
0.184229
0.170767
0.144947
0.110546
0.155364
0.152028
0.212716
0.142867
0.119999
0.078175
0.021692
0.007078
0.001654
0.000008
0.000000
0.000000
0.000008
0.018416
0.312730
0.223166
0.176781
0.171501
0.156738
0.105617
0.174076
0.158226
0.246048
0.184121
0.102920
0.082959
0.029847
0.011605
0.000851
0.000003
0.000000
0.000000
0.000003
0.011148
0.346934
0.253128
0.182211
0.169774
0.165748
0.125496
0.165757
0.158125
0.248744
0.211810
0.113891
0.096600
0.048762
0.022930
0.005344
0.000134
0.000019
0.000009
0.000361
0.129333
0.520863
0.305217
0.210900
0.198225
0.158905
0.133722
0.166661
0.173076
0.260432
0.250312
0.126504
0.090601
0.089306
0.104558
0.093454
0.023105
0.010557
0.004719
0.015742
0.254617
0.430183
0.291921
0.189409
0.187505
0.153963
0.134984
0.206820
0.235080
0.346650
0.348802
0.179499
0.094294
0.104003
0.156539
0.173183
0.154114
0.170588
0.113025
0.112988
0.158392
0.218025
0.187636
0.206165
0.173340
0.182725
0.173766
0.161371
0.199982
0.404061
0.448052
0.430664
0.132037
0.081113
0.094593
0.186114
0.266681
0.298198
0.247133
0.260286
0.201801
0.209704
0.166158
0.118769
0.101841
0.165856
0.222551
0.129197
0.166932
0.432292
0.438821
0.412867
0.181673
0.192980
0.125983
0.126890
0.130079
0.280119
0.393919
0.432804
0.394402
0.354928
0.129338
0.050206
0.031598
0.027138
0.096379
0.150914
0.250100
0.314555
0.293695
0.256147
0.095301
0.078736
0.043528
0.011667
0.011221
0.041923
0.208349
0.435115
0.458557
0.236456
0.038156
0.003359
0.001194
0.002067
0.031131
0.128729
0.184411
0.283222
0.216105
0.142671
0.081104
0.048713
0.024181
0.013281
0.007478
0.010040
0.033073
0.132754
0.169091
0.117487
0.031064
0.003377
0.001349
0.003075
0.038825
0.165514
0.166149
0.122431
0.132360
0.132636
0.136357
0.140030
0.146564
0.144832
0.149211
0.147126
0.144905
0.133221
0.168073
0.096384
0.102443
0.139082
0.055784
0.058658
0.051781
0.192024
0.245011
0.181402
0.185286
0.176845
0.181887
0.185903
0.191266
0.189881
0.191688
0.197266
0.194402
0.177886
0.214059
0.275315
0.284561
0.367167
0.384067
0.076433
0.072365
0.090177
0.197147
0.073037
0.082321
0.079976
0.081531
0.102412
0.115679
0.109348
0.106339
0.108458
0.101698
0.138020
0.109974
0.246522
0.301746
0.333927
0.358717
0.035593
0.045361
0.100564
0.202165
0.074193
0.072519
0.103452
0.108896
0.135168
0.126996
0.119736
0.121781
0.117047
0.129656
0.168139
0.153985
0.205205
0.206035
0.256333
0.238235
0.058005
0.062142
0.086847
0.193560
0.065588
0.079259
0.123597
0.113890
0.125324
0.133496
0.121433
0.128784
0.133282
0.121249
0.136303
0.125419
0.298394
0.219818
0.242157
0.198072
0.055587
0.074258
0.098331
0.145101
0.056615
0.052980
0.085594
0.103447
0.137248
0.141361
0.114191
0.122792
0.114360
0.102819
0.094997
0.070496
0.132151
0.133613
0.098549
0.067121
0.033363
0.053655
0.112457
0.144833
0.072476
0.073767
0.091806
0.095887
0.161142
0.243864
0.231750
0.214630
0.157508
0.128449
0.106004
0.102491
0.121665
0.088207
0.091277
0.095143
0.064228
0.082768
0.107302
0.147675
0.071754
0.098902
0.131868
0.150641
0.172265
0.210735
0.216911
0.187137
0.148518
0.142717
0.136172
0.105299
0.137219
0.092905
0.104084
0.109358
0.060670
0.093211
0.096646
0.144237
0.084918
0.077205
0.089148
0.095569
0.108313
0.166725
0.116621
0.116184
0.090361
0.094000
0.093297
0.101649
0.118989
0.093629
0.113416
0.109677
0.065938
0.099501
0.091054
0.098735
0.072394
0.060397
0.064419
0.080875
0.079001
0.091613
0.045458
0.013739
0.006776
0.012839
0.027447
0.064206
0.132522
0.087640
0.107554
0.104580
0.066522
0.102962
0.100663
0.105867
0.082233
0.072364
0.063917
0.082092
0.067776
0.055009
0.021656
0.001129
0.000093
0.000069
0.000357
0.019675
0.116697
0.083509
0.105931
0.096944
0.068533
0.108095
0.103037
0.110671
0.094189
0.113937
0.123852
0.204025
0.171411
0.109360
0.012183
0.000088
0.000003
0.000004
0.000033
0.007333
0.097387
0.094419
0.101065
0.098615
0.082170
0.111446
0.096646
0.148502
0.131811
0.157152
0.223671
0.276259
0.273835
0.161096
0.009396
0.000059
0.000002
0.000001
0.000016
0.005598
0.103328
0.111327
0.116402
0.117682
0.081294
0.110877
0.097735
0.141664
0.125531
0.200724
0.278322
0.302251
0.297827
0.234724
0.031425
0.001290
0.000181
0.000075
0.000817
0.043658
0.115714
0.120811
0.106370
0.116847
0.108921
0.129013
0.106027
0.153874
0.202604
0.334309
0.341375
0.338549
0.394113
0.334748
0.167605
0.041339
0.019945
0.013415
0.023729
0.100711
0.130190
0.125738
0.117972
0.115399
0.117676
0.124409
0.087895
0.107765
0.239474
0.327864
0.433541
0.325036
0.281343
0.242081
0.192425
0.133206
0.071892
0.060838
0.108795
0.089189
0.121279
0.089196
0.081646
0.098937
0.115669
0.138623
0.108767
0.171294
0.162341
0.301647
0.267373
0.306520
0.197427
0.148321
0.108538
0.085433
0.117478
0.147070
0.153857
0.099774
0.067893
0.117062
0.109759
0.119757
0.149440
0.148768
0.117901
0.180306
0.111700
0.182032
0.207172
0.193331
0.167448
0.051967
0.028607
0.021131
0.033135
0.060958
0.102523
0.101251
0.063558
0.096168
0.149244
0.169050
0.289559
0.252752
0.131782
0.202745
0.208982
0.333671
0.193021
0.098083
0.104832
0.032157
0.014619
0.009227
0.014294
0.062949
0.101238
0.132624
0.135435
0.198111
0.098743
0.092893
0.089683
0.198354
0.137958
0.204709
0.152756
0.319241
0.252691
0.166448
0.087087
0.057461
0.025071
0.014865
0.013184
0.040964
0.075605
0.090769
0.087278
0.063997
0.050087
0.057743
0.099701
0.226818
0.228450
0.222586
0.199089
0.163282
0.154880
0.163023
0.170998
0.176164
0.166811
0.165188
0.168263
0.165489
0.171260
0.213852
0.199105
0.255888
0.178378
0.067310
0.040627
0.049362
0.370366
0.385811
0.296865
0.245628
0.219438
0.236446
0.244470
0.240792
0.238770
0.238088
0.238028
0.244926
0.256875
0.314021
0.293860
0.356202
0.279042
0.241458
0.142370
0.125871
0.333743
0.315104
0.225284
0.177313
0.147042
0.157018
0.192742
0.218842
0.208228
0.197249
0.195615
0.210905
0.219159
0.199482
0.207588
0.202709
0.197315
0.191806
0.112835
0.073270
0.307393
0.296816
0.202364
0.131316
0.125425
0.137949
0.163704
0.172378
0.152130
0.151650
0.157216
0.179394
0.232542
0.218724
0.171531
0.148414
0.127490
0.173465
0.082735
0.068406
0.337135
0.344070
0.194205
0.170873
0.169911
0.166856
0.159300
0.170870
0.176756
0.165661
0.192688
0.164240
0.159710
0.137476
0.134473
0.111539
0.096549
0.151444
0.081230
0.080915
0.304613
0.301116
0.174080
0.138266
0.148001
0.161582
0.175736
0.144146
0.140495
0.151913
0.167306
0.165689
0.134376
0.129535
0.173069
0.146893
0.121710
0.146189
0.136643
0.111130
0.250880
0.212201
0.151862
0.160350
0.175180
0.131605
0.133217
0.115891
0.122609
0.145342
0.136544
0.167492
0.154526
0.178936
0.183172
0.114830
0.121506
0.141977
0.182181
0.135153
0.246206
0.209659
0.121984
0.130332
0.118539
0.109747
0.108728
0.095913
0.130618
0.169681
0.130022
0.150432
0.172171
0.200830
0.173834
0.111213
0.135624
0.168767
0.183309
0.153606
0.205422
0.169915
0.157916
0.095051
0.081253
0.096985
0.134078
0.190864
0.233940
0.208581
0.147572
0.181151
0.222601
0.198575
0.182825
0.120884
0.146430
0.172227
0.187665
0.170756
0.160769
0.115932
0.110722
0.109039
0.092210
0.163211
0.319753
0.353578
0.207795
0.083246
0.049314
0.107475
0.296488
0.372293
0.257388
0.139806
0.132849
0.164397
0.200215
0.164075
0.170579
0.105192
0.108340
0.109300
0.175858
0.320360
0.537606
0.377168
0.134865
0.008674
0.002472
0.004951
0.025384
0.362806
0.221136
0.121914
0.143147
0.160525
0.194321
0.167700
0.161081
0.095571
0.104139
0.151033
0.203231
0.379044
0.516730
0.284131
0.063375
0.001385
0.000304
0.001217
0.009083
0.251484
0.242221
0.133203
0.138625
0.154429
0.205889
0.162486
0.147907
0.129997
0.107041
0.215019
0.211235
0.304823
0.306201
0.125830
0.025506
0.000512
0.000226
0.001028
0.005648
0.143364
0.181424
0.134080
0.160405
0.174773
0.186894
0.164817
0.145311
0.138887
0.120741
0.195931
0.220008
0.254793
0.181372
0.144165
0.051199
0.006256
0.007207
0.010310
0.018097
0.121116
0.103063
0.108836
0.151300
0.163894
0.176351
0.164262
0.144931
0.118410
0.115010
0.163222
0.241511
0.308985
0.286272
0.287657
0.247782
0.133781
0.147189
0.182636
0.172116
0.159610
0.096639
0.103137
0.148607
0.141204
0.143773
0.137868
0.168348
0.114751
0.124568
0.119030
0.169077
0.265848
0.248078
0.214779
0.222443
0.233330
0.226374
0.252843
0.206006
0.090847
0.139716
0.114470
0.125874
0.112133
0.138925
0.140475
0.182317
0.129594
0.092798
0.078450
0.094258
0.253604
0.266212
0.203555
0.134786
0.126762
0.163259
0.171617
0.120011
0.111210
0.115892
0.125867
0.152384
0.137915
0.152668
0.126523
0.160348
0.108161
0.052635
0.059883
0.058390
0.082932
0.221647
0.094380
0.048931
0.034926
0.039738
0.068937
0.076514
0.080770
0.067364
0.098543
0.186284
0.213048
0.201405
0.210962
0.183199
0.127038
0.086777
0.058641
0.065634
0.054959
0.113082
0.046205
0.016521
0.007298
0.008840
0.035041
0.040972
0.057264
0.111190
0.136163
0.108135
0.163553
0.198006
0.257516
0.161679
0.114346
0.058147
0.049875
0.065401
0.056518
0.058387
0.030775
0.015601
0.009264
0.008165
0.022270
0.035684
0.065114
0.078436
0.081686
0.088487
0.131036
0.190576
0.244938
0.125081
0.113327
0.177757
0.186404
0.217106
0.198432
0.193606
0.188926
0.189780
0.187712
0.186636
0.185391
0.156850
0.126927
0.109377
0.088912
0.061447
0.039449
0.044802
0.063790
0.111076
0.095394
0.154094
0.159285
0.184281
0.170261
0.168987
0.164894
0.172212
0.173930
0.169920
0.160552
0.157658
0.142350
0.111364
0.103996
0.088267
0.075918
0.064838
0.125799
0.109799
0.123974
0.223705
0.224420
0.253256
0.252737
0.226449
0.225033
0.226133
0.227793
0.233250
0.235719
0.197871
0.172555
0.120686
0.192579
0.196846
0.150956
0.148633
0.131951
0.125404
0.128730
0.233023
0.240340
0.250180
0.226323
0.191535
0.206673
0.204369
0.206899
0.208626
0.220622
0.163348
0.145519
0.129927
0.136851
0.139489
0.153750
0.178970
0.188211
0.131709
0.150939
0.233483
0.260996
0.270455
0.255745
0.183285
0.197574
0.235081
0.227635
0.224691
0.220079
0.204241
0.175927
0.212368
0.166544
0.204137
0.257059
0.247515
0.256478
0.129353
0.162258
0.241081
0.219248
0.251102
0.250513
0.292324
0.245584
0.309821
0.254964
0.238364
0.213604
0.203575
0.160883
0.161638
0.144036
0.147521
0.157807
0.192244
0.208942
0.147783
0.156482
0.239942
0.248291
0.258950
0.335448
0.299307
0.228322
0.243995
0.230502
0.184433
0.200698
0.165785
0.147643
0.129155
0.106859
0.101222
0.143645
0.174125
0.185179
0.144716
0.162548
0.192050
0.172669
0.180597
0.216967
0.269933
0.188547
0.165717
0.187820
0.151870
0.142679
0.147051
0.143898
0.127373
0.117983
0.091396
0.128228
0.183025
0.194656
0.127784
0.126593
0.181448
0.145429
0.124837
0.170498
0.253126
0.281389
0.317195
0.467835
0.391602
0.271083
0.217263
0.134393
0.126257
0.128779
0.092854
0.137202
0.188076
0.194639
0.131435
0.107153
0.119608
0.091885
0.082654
0.118577
0.200892
0.324393
0.546156
0.862451
0.931150
0.830291
0.564875
0.216989
0.179221
0.143029
0.103600
0.126539
0.183393
0.173504
0.133229
0.107990
0.121688
0.080010
0.115511
0.145125
0.265637
0.504287
0.793169
0.985005
0.997199
0.994560
0.971044
0.552575
0.136030
0.135246
0.103791
0.130832
0.187347
0.154560
0.148287
0.119078
0.126061
0.087158
0.112823
0.101810
0.196323
0.563592
0.912630
0.998350
0.999691
0.998774
0.990836
0.711633
0.166633
0.126513
0.106252
0.125545
0.183639
0.153391
0.146431
0.141408
0.153209
0.110745
0.112624
0.096645
0.148817
0.626165
0.961382
0.999390
0.999771
0.998970
0.994319
0.830752
0.177462
0.131438
0.121286
0.123974
0.174320
0.168577
0.155512
0.143550
0.166753
0.129936
0.109953
0.093614
0.139008
0.433029
0.893873
0.991693
0.992561
0.989596
0.980414
0.658782
0.095260
0.094914
0.112684
0.128892
0.205066
0.178189
0.166692
0.161957
0.154484
0.099846
0.106843
0.100522
0.091299
0.156440
0.406017
0.785861
0.794103
0.786025
0.761042
0.251217
0.088980
0.112827
0.133619
0.130803
0.163875
0.191903
0.159628
0.148256
0.109211
0.072862
0.081447
0.102211
0.089628
0.112513
0.162820
0.297333
0.280411
0.264722
0.271004
0.077735
0.117437
0.125617
0.124025
0.109214
0.153684
0.176010
0.224012
0.170922
0.118765
0.062855
0.050789
0.085644
0.107443
0.150978
0.117923
0.088760
0.059832
0.083283
0.099207
0.116725
0.102900
0.123986
0.203958
0.171189
0.149606
0.126656
0.191476
0.115177
0.071889
0.063951
0.046016
0.048045
0.065249
0.066261
0.041835
0.033213
0.025704
0.039264
0.074528
0.080176
0.067876
0.215520
0.427323
0.413557
0.314488
0.152851
0.204115
0.194233
0.153000
0.077804
0.115923
0.115326
0.164311
0.080559
0.032668
0.015053
0.016244
0.043489
0.070401
0.098332
0.280643
0.543474
0.770336
0.730722
0.695165
0.431234
0.236480
0.203731
0.213294
0.178610
0.193093
0.203169
0.140099
0.120680
0.070360
0.032458
0.029382
0.057431
0.102791
0.198376
0.451249
0.743085
0.843540
0.801895
0.687289
0.377357